#f	n
21000006300001.9	2.40723
21119993241602.2	2.35028
21240005692321.5	2.29211
21360005809921.6	2.23302
21480000687360	2.17347
21599998272000.1	2.11403
21720007384802.5	2.05527
21840005940481.6	1.99769
21960003513600.6	1.9417
22079994347521.4	1.8875
22200005772001.5	1.83517
22320000357120	1.7846
22440006642242	1.73559
22560003970560.7	1.68788
22680005533921.3	1.64118
22800008208003	1.59524
22919991657123	1.54987
23040005898241.5	1.50496
23159996201760.6	1.46046
23279996275200.6	1.41643
23400005148001.1	1.37296
23520003763200.6	1.33021
23639991300483.2	1.28836
23760004942081	1.24761
23880007737122.5	1.20815
24000000000000	1.17019
24120001833120.1	1.13389
24239995345920.9	1.09939
24360001851360.1	1.06677
24480003916800.6	1.03606
24600003936000.6	1.00724
24720004746240.9	0.98023
24840009637923.7	0.9549
24960001597440.1	0.93114
25080005216641.1	0.90879
25200004032000.6	0.88774
25320002633280.3	0.8679
25440006105601.5	0.8492
25559998261920.1	0.83162
25680006574081.7	0.81518
25799993292001.7	0.7999
25920009123843.2	0.78583
26039993958721.4	0.77303
26159999790720	0.76158
26279988752164.8	0.75154
26399991552002.7	0.74298
26519993423041.6	0.73599
26640002983680.3	0.73068
26760005566081.2	0.72717
26880010321924	0.7256
27000002700000.3	0.72617
27119992406402.1	0.72908
27239989757763.8	0.73454
27360005690881.2	0.74276
27480001428960.1	0.75389
27599987856005.3	0.76798
27720002106720.2	0.78498
27840005345281	0.80467
27960009730083.4	0.82671
28080001797120.1	0.85067
28199994360001.1	0.87604
28320000906240	0.90236
28440008645762.6	0.92917
28560004569600.7	0.95611
28680002868000.3	0.98287
28799990784002.9	1.00922
28920011105284.3	1.03499
29039995818240.6	1.06005
29159988219364.8	1.08435
29280004684800.8	1.10782
29400004704000.8	1.13045
29520004723200.8	1.15223
29639992649281.8	1.17317
29759985715206.9	1.19329
29880001912320.1	1.21261
30000000000000	1.23117
30119998072320.1	1.24899
30240014999047.4	1.2661
30360008986562.7	1.28254
30479999024640	1.29834
30600004896000.8	1.31353
30719984271368.1	1.32814
30839988774244.1	1.3422
30960007925762	1.35574
31079998881120	1.36879
31200014976007.2	1.38136
31320013279685.6	1.39349
31440015594247.7	1.4052
31560011361604.1	1.41651
31679989862403.2	1.42744
31800007632001.8	1.438
31919987232005.1	1.44822
32039985902406.2	1.45811
32159993825281.2	1.46768
32280001032960	1.47696
32399997408000.2	1.48596
32520007934881.9	1.49468
32639987466244.8	1.50315
32759996986080.3	1.51137
32879991319682.3	1.51936
32999996700000.3	1.52712
33120003709440.4	1.53466
33240002792160.2	1.54199
33359984254087.4	1.54913
33480012990245	1.55608
33600005376000.9	1.56285
33719989209603.4	1.56944
33839993232001.4	1.57586
33960008693762.2	1.58212
34079988003844.2	1.58823
34199999316000	1.59418
34319995057920.7	1.59999
34440005510400.9	1.60567
34559982305289.1	1.61121
34679996115840.4	1.61662
34799998608000.1	1.62191
34919980863850.5	1.62707
35040015697927	1.63212
35160013220165	1.63706
35280005644800.9	1.6419
35399984424006.9	1.64662
35519982950408.2	1.65125
35639993299681.3	1.65578
35760007438081.5	1.66021
35880017222408.3	1.66455
36000014400005.8	1.66881
36119990608802.4	1.67298
36239981155209.8	1.67706
36359978329452.9	1.68106
36480018677769.6	1.68499
36600005856000.9	1.68884
36720020856971.8	1.69261
36840011199363.4	1.69631
36960014192645.4	1.69995
37080022396333.5	1.70351
37199982144008.6	1.70701
37319977757293.3	1.71045
37440002396160.2	1.71382
37560002103360.1	1.71713
37680016277767	1.72039
37799990172002.6	1.72358
37920011527683.5	1.72673
38039977480333.3	1.72981
38159976798734.1	1.73284
38280002909280.2	1.73583
38400000000000	1.73876
38520009861122.5	1.74164
38639975888655	1.74447
38759990387522.4	1.74726
38879996889600.2	1.75
38999988300003.5	1.7527
39120008449921.8	1.75536
39239999686080	1.75797
39360006297601	1.76054
39480021792972	1.76307
39599987328004.1	1.76556
39720000476640	1.76801
39840002549760.2	1.77043
39959986733284.4	1.7728
40079999679360	1.77515
40199981508008.5	1.77745
40319979356170.6	1.77973
40439987059204.1	1.78197
40559998377600.1	1.78417
40680006996961.2	1.78634
40800006528001.1	1.78849
40919990506562.2	1.7906
41040008536321.8	1.79268
41159998518240.1	1.79473
41280010567682.7	1.79675
41399981784008	1.79875
41520020261769.9	1.80072
41640005496480.7	1.80266
41759988641283.1	1.80457
41880022112651.7	1.80645
41999983200006.7	1.80832
42119982983526.9	1.81015
42240016220166.2	1.81196
42360017791207.5	1.81375
42479981308808.2	1.81552
42600021300010.7	1.81726
42720011619843.2	1.81897
42840006854401.1	1.82067
42960001374720.1	1.82234
43079989488482.6	1.824
43200027648017.7	1.82563
43319985964324.6	1.82724
43439983319046.4	1.82883
43560014810405	1.8304
43680011880963.2	1.83195
43799968464022.7	1.83348
43920007027201.1	1.83499
44039994186720.8	1.83649
44159988695042.9	1.83796
44279985299044.9	1.83942
44399978688010.2	1.84086
44520029561299.6	1.84228
44640000714240	1.84369
44760019157288.2	1.84508
44880013284483.9	1.84645
44999977500011.3	1.84781
45119974010895	1.84915
45239998190400.1	1.85048
45359976775691.9	1.85179
45479972893936.2	1.85308
45599981760007.3	1.85436
45719998536960	1.85563
45840018336007.3	1.85688
45959965805785.4	1.85812
46079976407052.1	1.85934
46199975052013.5	1.86055
46320028162577.1	1.86175
46439987925603.1	1.86293
46559992550401.2	1.8641
46679965270105.8	1.86526
46799973792014.7	1.8664
46920013888324.1	1.86753
47040007526401.2	1.86865
47160023391371.6	1.86976
47279982600966.4	1.87086
47400029388018.2	1.87194
47520009884162.1	1.87302
47639994092640.7	1.87408
47759977457290.6	1.87513
47880031792341.1	1.87617
48000000000000	1.8772
48120030604339.5	1.87821
48239964881305.6	1.87922
48360030756979.6	1.88022
48479990691841.8	1.88121
48599996112000.3	1.88218
48719964142106.4	1.88315
48839969328499.3	1.88411
48960007833601.3	1.88506
49079995484640.4	1.886
49200007872001.3	1.88692
49319959952192.5	1.88784
49440009492481.8	1.88876
49559989889762.1	1.88966
49679978140809.6	1.89055
49799970120017.9	1.89143
49919961661469.4	1.89231
50040032025620.5	1.89318
50160010433282.2	1.89404
50279975664491.8	1.89489
50400008064001.3	1.89573
50520019399687.4	1.89656
50640005266560.6	1.89739
50759961219389.6	1.89821
50879969064978.8	1.89902
51000025500012.7	1.89983
51120040078111.4	1.90062
51240008198401.3	1.90141
51360013148163.4	1.90219
51479963140346.4	1.90297
51600030960018.6	1.90373
51720035997145.1	1.90449
51839973457933.6	1.90525
51960018497766.6	1.90599
52079987917442.8	1.90673
52199967636020.1	1.90747
52320045204519.1	1.90819
52440034820183.1	1.90891
52560023546890.5	1.90962
52680007585921.1	1.91033
52799983104005.4	1.91103
52920039584189.6	1.91173
53039986846083.3	1.91242
53160008080321.2	1.9131
53280005967360.7	1.91378
53399976504010.4	1.91445
53520011132162.3	1.91511
53640011157122.3	1.91577
53759972474894.1	1.91642
53879987715362.8	1.91707
53999956800034.6	1.91771
54119973156493.3	1.91835
54240033845781.1	1.91898
54360037399705.7	1.91961
54479979515527.7	1.92023
54599955228036.7	1.92085
54719961477147.1	1.92146
54839995174080.4	1.92206
54959952514601	1.92266
55080031285457.8	1.92326
55200026496012.7	1.92385
55320035626102.9	1.92443
55439952986919.9	1.92501
55559979776167.4	1.92559
55680010690562.1	1.92616
55800042408032.2	1.92673
55919967342739.1	1.92729
56039990136961.7	1.92785
56160003594240.2	1.9284
56280004277280.3	1.92895
56399988720002.3	1.9295
56519953427558.4	1.93004
56640001812480.1	1.93057
56760024293290.4	1.9311
56880017291525.3	1.93163
56999977200009.1	1.93215
57120009139201.5	1.93267
57240001602720.1	1.93319
57359950899882	1.9337
57479963442743.3	1.93421
57600036864023.6	1.93471
57719946666769.3	1.93521
57840022210568.5	1.93571
57960038485465.6	1.9362
58079991636481.2	1.93669
58199990688001.5	1.93717
58320033125778.8	1.93765
58440002571360.1	1.93813
58560009369601.5	1.9386
58680050934284.2	1.93907
58800009408001.5	1.93954
58919996464800.2	1.94
59040009446401.5	1.94046
59160045671555.3	1.94091
59279985298563.6	1.94137
59399941788057.1	1.94182
59520030474255.6	1.94226
59640012882242.8	1.94271
59760003824640.3	1.94314
59880000479040	1.94358
60000000000000	1.94401
60119999519040	1.94444
60239996144640.3	1.94487
60359986962242.8	1.94529
60479969034255.9	1.94571
60599939400060.6	1.94613
60720017973125.3	1.94655
60839956438591.2	1.94696
60959998049280.1	1.94737
61080016858084.7	1.94777
61200009792001.6	1.94818
61319973755051.2	1.94858
61440031457296.1	1.94897
61560054911569	1.94937
61680040955547.2	1.94976
61799986404003	1.95015
61920015851524.1	1.95053
62039999255520	1.95092
62160062160062.2	1.9513
62279944197170	1.95168
62400029952014.4	1.95205
62520058518774.8	1.95243
62640026559371.3	1.9528
62760062006941.3	1.95316
62880031188495.5	1.95353
63000063000063	1.95389
63120022723208.2	1.95425
63240040220665.6	1.95461
63359979724806.5	1.95497
63479972068812.3	1.95532
63600015264003.7	1.95567
63719971963212.3	1.95602
63839974464010.2	1.95637
63960020723046.7	1.95671
64079971804812.4	1.95705
64199961480023.1	1.95739
64319987650562.4	1.95773
64440048201156.1	1.95806
64560002065920.1	1.9584
64679984994243.5	1.95873
64799994816000.4	1.95906
64920029343853.3	1.95938
65039945366445.9	1.95971
65160022154407.5	1.96003
65279974932489.6	1.96035
65399942448050.7	1.96067
65520065520065.5	1.96098
65640056187888.1	1.9613
65760054712365.5	1.96161
65880058765012.4	1.96192
66000066000066	1.96222
66119928325997.7	1.96253
66239934289985.2	1.96283
66359936294461.2	1.96314
66479931924549.7	1.96344
66600066600066.6	1.96373
66720042700827.3	1.96403
66840005079840.4	1.96433
66959951253155.5	1.96462
67080028710252.3	1.96491
67199935488061.9	1.9652
67319969571373.8	1.96548
67439978419206.9	1.96577
67559959464024.3	1.96605
67680062807098.3	1.96634
67799981016005.3	1.96662
67920017387524.5	1.96689
68040016601764.1	1.96717
68159976007688.5	1.96745
68280048342274.2	1.96772
68400076608085.8	1.96799
68520058105009.3	1.96826
68639990115841.4	1.96853
68760027504011	1.9688
68880011020801.8	1.96906
68999937900055.9	1.96932
69119964610578.1	1.96959
69239930206150.4	1.96985
69359992231680.9	1.97011
69479988605281.9	1.97036
69600077952087.3	1.97062
69719935021020.6	1.97087
69840043021466.5	1.97113
69960076116562.8	1.97138
70080031395854.1	1.97163
70200070200070.2	1.97188
70320026440329.9	1.97212
70440062550775.6	1.97237
70560011289601.8	1.97261
70680036188178.5	1.97285
70799968848013.7	1.9731
70919973901449.6	1.97333
71040050012195.2	1.97357
71160027040810.3	1.97381
71280071280071.3	1.97405
71400011424001.9	1.97428
71520014876163.1	1.97451
71640080236889.9	1.97474
71760034444816.5	1.97497
71880046578270.2	1.9752
71999942400046.1	1.97543
72120065485019.5	1.97566
72240068194624.4	1.97588
72359947321958.4	1.97611
72480049866274.3	1.97633
72600024684008.4	1.97655
72720044795547.6	1.97677
72839931821823.8	1.97699
72960037355539.1	1.97721
73080005554080.4	1.97742
73200011712001.9	1.97764
73320054256840.2	1.97785
73439951823391.6	1.97806
73560061790451.9	1.97828
73680022398726.8	1.97849
73800011808001.9	1.9787
73920028385290.9	1.9789
74040070486147.1	1.97911
74159953130909.6	1.97932
74280040705462.3	1.97952
74399964288017.1	1.97973
74520090616430.2	1.97993
74640048366751.3	1.98013
74760020334725.6	1.98033
74880004792320.3	1.98053
75000000000000	1.98073
75120004206720.2	1.98092
75240015649923.3	1.98112
75360032555534.1	1.98131
75480053137957.4	1.98151
75600075600075.6	1.9817
75719907015954.2	1.98189
75839927193669.9	1.98208
75959943789641.6	1.98227
76079954960666.7	1.98246
76199958852022.2	1.98265
76319953597468.2	1.98284
76439937319251.4	1.98302
76559908128110.3	1.98321
76680060117167.1	1.98339
76800000000000	1.98357
76919921234000.7	1.98376
77040019722245	1.98394
77160096913081.7	1.98412
77279951777310.1	1.9843
77399979876005.2	1.98447
77519980775044.8	1.98465
77639952484349.1	1.98483
77760094556275	1.985
77880002492160.1	1.98518
78000078000078	1.98535
78119914068094.5	1.98552
78239914874972.6	1.9857
78360080240722.2	1.98587
78479999372160	1.98604
78600080172081.8	1.98621
78719909314664.5	1.98637
78839897192774.1	1.98654
78960043585944.1	1.98671
79079931358619.6	1.98687
79199974656008.1	1.98704
79319963512816.8	1.9872
79439895774856.7	1.98737
79559980269124.9	1.98753
79680005099520.3	1.98769
79799968080012.8	1.98785
79920079920079.9	1.98801
80039913236734.1	1.98817
80160106452621.4	1.98833
80280016698243.5	1.98849
80400070752062.3	1.98864
80520052176993.8	1.9888
80639958712341.1	1.98896
80760005491680.4	1.98911
80879974118408.3	1.98926
81000081000081	1.98942
81120106429579.6	1.98957
81240048094108.5	1.98972
81359903669874.1	1.98987
81479892120622.8	1.99002
81600013056002.1	1.99017
81720043475063.1	1.99032
81839981013124.4	1.99047
81960047208987.2	1.99061
82080017072643.6	1.99076
82199888208152	1.99091
82320109979666.9	1.99105
82440004286880.2	1.9912
82560021135365.4	1.99134
82679932202455.6	1.99148
82799963568016	1.99162
82919885570557.9	1.99177
83039925596226.7	1.99191
83160083160083.2	1.99205
83279895400451.4	1.99219
83400053376034.2	1.99233
83520093542504.8	1.99246
83640013382402.1	1.9926
83760044225303.3	1.99274
83879951014108.6	1.99288
83999966400013.4	1.99301
84120089840256	1.99315
84240084240084.2	1.99328
84359947021953.3	1.99341
84479913492568.6	1.99355
84599983080003.4	1.99368
84719915957843.4	1.99381
84839949435390.1	1.99394
84960082921040.9	1.99407
85080074530145.3	1.9942
85199921616072.1	1.99433
85320106820773.8	1.99446
85439901573233.4	1.99459
85560033197292.9	1.99472
85680013708802.2	1.99485
85800085800085.8	1.99497
85920002749440.1	1.9951
86040008604000.9	1.99522
86160102702842.4	1.99535
86280036237615.2	1.99547
86400055296035.4	1.9956
86519909673214.3	1.99572
86640097036908.7	1.99584
86760116952637.7	1.99596
86879966638092.8	1.99609
86999895600125.3	1.99621
87119903122667.7	1.99633
87239988484321.5	1.99645
87359896565882.5	1.99657
87479879627685.6	1.99668
87599936928045.4	1.9968
87720067719892.3	1.99692
87840014054402.3	1.99704
87960030961930.9	1.99715
88080117675037.2	1.99727
88200014112002.3	1.99739
88319977390085.8	1.9975
88440006721440.5	1.99762
88560101312755.9	1.99773
88679998226400	1.99784
88799957376020.5	1.99796
88919977947845.5	1.99807
89040059122599.2	1.99818
89159935091567.3	1.99829
89279868580033.5	1.9984
89400125160175.2	1.99851
89519904750821.3	1.99862
89640005736960.4	1.99873
89759892288129.3	1.99884
89880099946671.2	1.99895
90000090000090	1.99906
90120130133467.9	1.99917
90239948021790	1.99927
90360084938479.8	1.99938
90479996380800.1	1.99949
90599952888024.5	1.99959
90719953551383.8	1.9997
90839997456480.1	1.9998
90960083683277	1.99991
91079934786766.7	2.00001
91200102144114.4	2.00012
91320031048810.6	2.00022
91439997073920.1	2.00032
91559999267520	2.00043
91680036672014.7	2.00053
91800108324127.8	2.00063
91919931611570.9	2.00073
92040068109650.4	2.00083
92159952814104.2	2.00093
92279866378753.5	2.00103
92400092400092.4	2.00113
92520061433320.8	2.00123
92640056325154.3	2.00133
92760076063262.4	2.00142
92880119629594.1	2.00152
92999897700112.5	2.00162
93119985100802.4	2.00172
93240093240093.2	2.00181
93359930540211.7	2.00191
93480076279742.3	2.00201
93599947584029.4	2.0021
93720126709611.3	2.0022
93840027776648.2	2.00229
93959941744836.1	2.00238
94079867535546.5	2.00248
94200099852105.9	2.00257
94320046782743.2	2.00266
94440002266560.1	2.00276
94559965201932.8	2.00285
94679934481485.4	2.00294
94799908992087.4	2.00303
94919887614853.1	2.00312
95039869225140	2.00321
95159852692548	2.0033
95280139490124.2	2.00339
95400124020161.2	2.00348
95520106982519.8	2.00357
95640087223759.5	2.00366
95760063584682.2	2.00375
95880034900332.7	2.00384
96000000000000	2.00393
96119957707218.6	2.00401
96239906839770.2	2.0041
96359846209685.5	2.00419
96480084902474.7	2.00427
96600001932000.1	2.00436
96719905601372.1	2.00445
96840107298838.9	2.00453
96959981383683.6	2.00462
97080152609999.9	2.0047
97199992224000.6	2.00479
97320128073288.6	2.00487
97439928284212.8	2.00495
97560023804645.8	2.00504
97680097680097.7	2.00512
97800148656226	2.0052
97919855861972.2	2.00528
98039856469650.1	2.00537
98160151559274	2.00545
98280098280098.3	2.00553
98400015744002.5	2.00561
98519902662336.2	2.00569
98640082068548.3	2.00577
98759904795451.8	2.00585
98880018984963.6	2.00593
99000099000099	2.00601
99120143525967.8	2.00609
99240151241990.5	2.00617
99360120821906.9	2.00625
99480050933786.1	2.00633
99599940240035.9	2.0064
99720118866381.7	2.00648
99839923322938.9	2.00656
99960015993602.6	2.00664
100080064051241	2.00671
100200066132044	2.00679
100320020866564	2.00687
100439926879733	2.00694
100560119867663	2.00702
100679925094136	2.00709
100800016128003	2.00717
100920054496829	2.00724
101040038799375	2.00732
101159967628810	2.00739
101279839572734	2.00747
101399995944000	2.00754
101520094210647	2.00761
101640132945294	2.00769
101760110715000	2.00776
101880026081287	2.00783
101999877600147	2.0079
102120011437441	2.00798
102240080156223	2.00805
102360082297506	2.00812
102480016396803	2.00819
102599880984138	2.00826
102720026296327	2.00833
102840100783299	2.0084
102960102960103	2.00847
103080031336330	2.00854
103199884416129	2.00861
103320016531203	2.00868
103440071994290	2.00875
103560049294583	2.00882
103679946915867	2.00889
103800122484145	2.00896
103919857006277	2.00902
104039868077447	2.00909
104160156656876	2.00916
104279998748640	2.00923
104400116928131	2.00929
104520148000530	2.00936
104640090409038	2.00943
104759942591551	2.00949
104880069640366	2.00956
105000105000105	2.00963
105120047093781	2.00969
105239894339146	2.00976
105360015171842	2.00982
105480039660495	2.00989
105599966208011	2.00995
105720165769220	2.01002
105839892466669	2.01008
105959890649393	2.01014
106080161241845	2.01021
106199953272021	2.01027
106320016160642	2.01034
106439973177127	2.0104
106559822684455	2.01046
106679942392831	2.01052
106799953008021	2.01059
106919852878282	2.01065
107040022264325	2.01071
107160079298459	2.01077
107280022314245	2.01083
107399849640211	2.0109
107519944949788	2.01096
107639922929815	2.01102
107760168967945	2.01108
107879908086318	2.01114
107999913600069	2.0112
108120186399201	2.01126
108239946312987	2.01132
108359971826407	2.01138
108479871559832	2.01144
108600036924013	2.0115
108720074799411	2.01156
108839983456323	2.01161
108960156902626	2.01167
109079802783717	2.01173
109200109200109	2.01179
109319884558202	2.01185
109439922954294	2.01191
109559825142519	2.01196
109679990348161	2.01202
109800017568003	2.01208
109919905029202	2.01213
110040054579867	2.01219
110160062570916	2.01225
110279927215248	2.0123
110400052992025	2.01236
110520033598090	2.01242
110639867232159	2.01247
110759961012494	2.01253
110879905973840	2.01258
111000111000111	2.01264
111120165346806	2.01269
111240067189001	2.01275
111359814697268	2.0128
111479820294530	2.01286
111600084816064	2.01291
111720193052494	2.01297
111840143155383	2.01302
111959933271880	2.01307
112079980273923	2.01313
112199865360162	2.01318
112320007188480	2.01323
112439985157922	2.01329
112559797392365	2.01334
112679865234881	2.01339
112800189504318	2.01344
112919920956055	2.0135
113039906855117	2.01355
113160148013474	2.0136
113279789752710	2.01365
113400113400113	2.0137
113519833806963	2.01376
113639807266887	2.01381
113760034583051	2.01386
113880084271262	2.01391
113999954400018	2.01396
114120077145172	2.01401
114240018278403	2.01406
114360211795112	2.01411
114479784778005	2.01416
114600045840018	2.01421
114720121144448	2.01426
114840008727841	2.01431
114960147148988	2.01436
115080095746640	2.01441
115199852544189	2.01446
115319858848493	2.01451
115440115440115	2.01456
115560177962674	2.01461
115680044421137	2.01465
115800159804221	2.0147
115920076970931	2.01475
116039793913326	2.0148
116160208159093	2.01485
116279971162567	2.01489
116399981376003	2.01494
116519787001829	2.01499
116639839503581	2.01504
116760139645127	2.01508
116879777460904	2.01513
117000117000117	2.01518
117119790121336	2.01522
117240166481036	2.01527
117359872312459	2.01532
117479822840427	2.01536
117600018816003	2.01541
117719999058240	2.01545
117840224367787	2.0155
117960231673895	2.01555
118080018892803	2.01559
118200049644021	2.01564
118319858016170	2.01568
118439909511909	2.01573
118560204872034	2.01577
118679805839838	2.01582
118800118800119	2.01586
118920204542752	2.01591
119040060948511	2.01595
119160159197973	2.01599
119280025764486	2.01604
119400133728150	2.01608
119520007649281	2.01613
119640122511485	2.01617
119760000958080	2.01621
119880119880120	2.01626
120000000000000	2.0163
120120120120120	2.01634
120239999038080	2.01639
120360117471475	2.01643
120479992289281	2.01647
120600106128093	2.01651
120719973924486	2.01656
120840080237813	2.0166
120959938068512	2.01664
121080033902410	2.01668
121199878800121	2.01672
121319961177612	2.01677
121439790152043	2.01681
121559856073130	2.01685
121680159644369	2.01689
121800207060352	2.01693
121919996098560	2.01697
122040020990884	2.01701
122159784998778	2.01705
122279784298461	2.0171
122400019584003	2.01714
122519991178561	2.01718
122640198186560	2.01722
122760138964477	2.01726
122879811256610	2.0173
123000221400399	2.01734
123119857180966	2.01738
123240232184597	2.01742
123359828283119	2.01746
123480164969500	2.0175
123600227424418	2.01754
123720013361761	2.01757
123840031703048	2.01761
123959770922343	2.01765
124080255109004	2.01769
124199945352024	2.01773
124319866729103	2.01777
124440019910403	2.01781
124559888394340	2.01785
124679988030721	2.01788
124799800320319	2.01792
124919843100677	2.01796
125040117037550	2.018
125160100628721	2.01804
125279791534427	2.01807
125400235752443	2.01811
125519861426073	2.01815
125640241731825	2.01819
125759798784322	2.01822
125880111781539	2.01826
126000126000126	2.0183
126119839071085	2.01834
126239779837824	2.01837
126359948950581	2.01841
126479813821714	2.01845
126599906316069	2.01848
126720227082647	2.01852
126840240489096	2.01855
126959944137625	2.01859
127079873936765	2.01863
127200030528007	2.01866
127319874207964	2.0187
127439943926425	2.01873
127560240323493	2.01877
127680220631421	2.01881
127799882424108	2.01884
127919768721058	2.01888
128039880154672	2.01891
128160217359729	2.01895
128280232443781	2.01898
128399922960046	2.01902
128519837036847	2.01905
128639975301125	2.01909
128759785743717	2.01912
128879819568253	2.01916
129000077400046	2.01919
129120004131840	2.01923
129240154054264	2.01926
129359969988487	2.01929
129480008286721	2.01933
129600269568561	2.01936
129720193542529	2.0194
129839777714301	2.01943
129960145555363	2.01946
130080172746469	2.0195
130199856780158	2.01953
130319761254197	2.01956
130439886778178	2.0196
130560233963939	2.01963
130680234178980	2.01966
130799884896101	2.0197
130919754918219	2.01973
131039844848824	2.01976
131160155293624	2.01979
131280112375776	2.01983
131399713548624	2.01986
131520109424731	2.01989
131640148490088	2.01992
131759828185184	2.01996
131879725690171	2.01999
131999841600190	2.02002
132120176512556	2.02005
132240148108966	2.02008
132359753810858	2.02012
132480161095876	2.02015
132600201552306	2.02018
132719872588922	2.02021
132839759825714	2.02024
132959863849099	2.02027
133080185247618	2.02031
133200133200133	2.02034
133319705096812	2.02037
133440085401655	2.0204
133560088683899	2.02043
133679712321259	2.02046
133800147180162	2.02049
133920201415983	2.02052
134039872394042	2.02055
134159757439159	2.02058
134279857126232	2.02061
134400172032220	2.02064
134520099544874	2.02067
134640241275312	2.0207
134759992453440	2.02073
134879956838414	2.02076
135000135000135	2.02079
135119918928049	2.02082
135239915610293	2.02085
135360125614197	2.02088
135479937679229	2.02091
135599962032011	2.02094
135720199237253	2.02097
135840034775049	2.021
135960082119890	2.02103
136079724574637	2.02106
136200196128282	2.02109
136320261734903	2.02112
136439918681808	2.02115
136559785874256	2.02118
136679863866856	2.0212
136800153216172	2.02123
136920029574726	2.02126
137040116210019	2.02129
137159786579372	2.02132
137280294328951	2.02135
137399755428435	2.02138
137520055008022	2.0214
137639933932832	2.02143
137760022041604	2.02146
137879686185834	2.02149
138000193200270	2.02152
138120275135588	2.02154
138239929221156	2.02157
138359790799996	2.0216
138479860412301	2.02163
138600138600139	2.02165
138719984463362	2.02168
138840037764490	2.02171
138960299042564	2.02174
139080124059471	2.02176
139200155904175	2.02179
139319748109895	2.02182
139440194100750	2.02184
139560199291965	2.02187
139679760868249	2.0219
139800178944229	2.02193
139920152233126	2.02195
140039677908741	2.02198
140160062791708	2.02201
140279998877760	2.02203
140400140400140	2.02206
140519829689966	2.02209
140639723221025	2.02211
140759821516546	2.02214
140880125101551	2.02216
140999971800006	2.02219
141120022579204	2.02222
141240277960867	2.02224
141360072376357	2.02227
141480070174115	2.02229
141600271872522	2.02232
141720008503201	2.02235
141839947802899	2.02237
141960090286617	2.0224
142079763579273	2.02242
142200312840688	2.02245
142319716499125	2.02247
142439997151200	2.0225
142559803837710	2.02252
142679812233367	2.02255
142800022848004	2.02257
142919755321379	2.0226
143039688745637	2.02262
143159823627097	2.02265
143280160473780	2.02267
143400014340001	2.0227
143520068889633	2.02272
143640324627134	2.02275
143760093156540	2.02277
143880061580666	2.0228
144000230400369	2.02282
144119907763259	2.02285
144239784217283	2.02287
144359860259655	2.02289
144480136389249	2.02292
144599916132049	2.02294
144719894643917	2.02297
144840072420036	2.02299
144959749509553	2.02302
145080326140573	2.02304
145199697984628	2.02306
145319970354726	2.02309
145439737044955	2.02311
145559701311493	2.02313
145679863643648	2.02316
145800224532346	2.02318
145920074711078	2.0232
146040122089542	2.02323
146159655063214	2.02325
146280097129985	2.02328
146400023424004	2.0233
146520146520147	2.02332
146639750125866	2.02334
146760267103686	2.02337
146880263209432	2.02339
146999735400476	2.02341
147120123580904	2.02344
147239986453921	2.02346
147360044797454	2.02348
147480299090047	2.02351
147600023616004	2.02353
147719942684662	2.02355
147840056770582	2.02357
147959636611133	2.0236
148080140972294	2.02362
148200109668081	2.02364
148320272909302	2.02366
148439896685832	2.02368
148559713576872	2.02371
148679724050432	2.02373
148799928576034	2.02375
148920327624721	2.02377
149040181232860	2.0238
149160227916828	2.02382
149279725325305	2.02384
149400158364168	2.02386
149520040669451	2.02388
149640115522169	2.0239
149759635784566	2.02393
149880095923261	2.02395
150000000000000	2.02397
150120096076861	2.02399
150239632213380	2.02401
150360112469364	2.02403
150480031299847	2.02406
150600141564133	2.02408
150719686503052	2.0241
150840179801494	2.02412
150960106275915	2.02414
151080223598731	2.02416
151199770176349	2.02418
151320269350079	2.0242
151440196266494	2.02422
151560313426728	2.02425
151679854387340	2.02427
151800352176817	2.02429
151920272241128	2.02431
152040381925439	2.02433
152159909921333	2.02435
152279626001239	2.02437
152400304800610	2.02439
152519624191646	2.02441
152639907194936	2.02443
152760380067826	2.02445
152880264177097	2.02447
153000336600741	2.02449
153119816256221	2.02451
153240265412140	2.02453
153360120234334	2.02455
153480162688972	2.02457
153599606785007	2.02459
153720024595204	2.02461
153839842468001	2.02463
153959847271832	2.02465
154080039444490	2.02467
154199626836903	2.02469
154320193826163	2.02471
154440154440154	2.02473
154560301701709	2.02475
154679838514249	2.02477
154800359136833	2.02479
154920267702223	2.02481
155040362174286	2.02483
155159840495684	2.02485
155280306833886	2.02487
155400155400155	2.02489
155520189112550	2.02491
155639600940063	2.02493
155760004984320	2.02495
155879785509415	2.02497
155999750400399	2.02498
156119900083264	2.025
156240234985313	2.02502
156359940583223	2.02504
156479829749945	2.02506
156599902908060	2.02508
156720160481444	2.0251
156839782933740	2.02512
156960409352748	2.02514
157080398984213	2.02515
157199748480402	2.02517
157320104460549	2.02519
157439818629329	2.02521
157559715132035	2.02523
157679794385548	2.02525
157800056808020	2.02527
157919671527083	2.02528
158040300276571	2.0253
158160279627374	2.02532
158279606200340	2.02534
158399949312016	2.02536
158519637941147	2.02538
158640346470517	2.02539
158760398806122	2.02541
158879791549714	2.02543
159000206700269	2.02545
159119960538250	2.02547
159239894901669	2.02548
159360010199041	2.0255
159480306840110	2.02552
159599936160026	2.02554
159719745087287	2.02556
159839734026683	2.02557
159959903384218	2.02559
160080253567122	2.02561
160199929512031	2.02563
160319784530210	2.02564
160439819023884	2.02566
160560033396487	2.02568
160680428052660	2.0257
160800141504125	2.02571
160920033471367	2.02573
161040104353988	2.02575
161160354552780	2.02577
161279917424682	2.02578
161399657832725	2.0258
161519576172632	2.02582
161639672841302	2.02583
161759948236817	2.02585
161880402758442	2.02587
162000162000162	2.02589
162120098569020	2.0259
162240212859159	2.02592
162359626572859	2.02594
162480096188217	2.02595
162599863416115	2.02597
162719807339748	2.02599
162839928350432	2.026
162960226840636	2.02602
163079816698286	2.02604
163199582209070	2.02605
163320412874004	2.02607
163439641740305	2.02609
163559936538745	2.0261
163680408546300	2.02612
163800163800164	2.02614
163920094417974	2.02615
164040200785206	2.02617
164159585004569	2.02619
164280042712811	2.0262
164399776416304	2.02622
164519684780284	2.02623
164639768187206	2.02625
164760027020644	2.02627
164879555484718	2.02628
165000165000165	2.0263
165120042270731	2.02631
165240093856373	2.02633
165360320137580	2.02635
165479808705341	2.02636
165600384192891	2.02638
165720220076452	2.02639
165840229522878	2.02641
165960412909507	2.02643
166079851192453	2.02644
166200382260879	2.02646
166320166320166	2.02647
166440123165691	2.02649
166560253171585	2.0265
166679630637939	2.02652
166800106752068	2.02654
166919828406416	2.02655
167039722045903	2.02657
167159788041389	2.02658
167280026764804	2.0266
167400438589149	2.02661
167520088450607	2.02663
167639909474449	2.02664
167759902028217	2.02666
167880066480506	2.02667
168000403200968	2.02669
168119970410885	2.0267
168239707935867	2.02672
168359616140075	2.02673
168479695388711	2.02675
168599946048017	2.02677
168720368485285	2.02678
168840012831841	2.0268
168959826985137	2.02681
169079811306931	2.02682
169199966160007	2.02684
169320291908183	2.02685
169439831915687	2.02687
169559540832763	2.02688
169680378726605	2.0269
169800427897078	2.02691
169919684629065	2.02693
170040072777151	2.02694
170159666487054	2.02696
170280395050517	2.02697
170400327168628	2.02699
170520428347316	2.027
170639728341552	2.02702
170760167344964	2.02703
170879803146467	2.02705
170999606700905	2.02706
171119578361359	2.02707
171239718481903	2.02709
171360027417604	2.0271
171479525344674	2.02712
171600171600172	2.02713
171720004808160	2.02715
171840005498880	2.02716
171960174023696	2.02717
172079523683878	2.02719
172200027552004	2.0272
172319710502886	2.02722
172439559934243	2.02723
172559576193681	2.02724
172679759629775	2.02726
172800110592071	2.02727
172919632718700	2.02729
173040318394186	2.0273
173160173160173	2.02731
173280194073817	2.02733
173400381480839	2.02734
173519732085534	2.02736
173640252125646	2.02737
173759933276186	2.02738
173879779520440	2.0274
173999791200251	2.02741
174119968658406	2.02742
174240312238640	2.02744
174359808901649	2.02745
174480484357825	2.02746
174600310788553	2.02748
174720301916682	2.02749
174840458082000	2.0275
174959759255371	2.02752
175080245112343	2.02753
175199873856091	2.02755
175319666191356	2.02756
175439622453933	2.02757
175559742980536	2.02759
175680028108805	2.0276
175800478177301	2.02761
175920061923862	2.02762
176039808468688	2.02764
176159718144451	2.02765
176279791284727	2.02766
176400028224005	2.02768
176520429297684	2.02769
176639954780172	2.0277
176759642238484	2.02772
176879492002099	2.02773
176999504401388	2.02774
177119679767619	2.02776
177240018432962	2.02777
177360520730489	2.02778
177480137014666	2.02779
177599914752041	2.02781
177719854269720	2.02782
177839955895691	2.02783
177960219958832	2.02785
178079589704625	2.02786
178200178200178	2.02787
178319870183135	2.02788
178439723061550	2.0279
178559737160067	2.02791
178679912804203	2.02792
178800250320350	2.02793
178919682954322	2.02795
179040343757460	2.02796
179160097463093	2.02797
179280011473921	2.02798
179400086112041	2.028
179520321700416	2.02801
179639642876390	2.02802
179760199893342	2.02803
179879840266702	2.02805
179999640000720	2.02806
180119599414011	2.02807
180239718826039	2.02808
180359998557120	2.0281
180480438928427	2.02811
180599953044012	2.02812
180719625548936	2.02813
180839456758272	2.02814
180960538538563	2.02816
181079596554659	2.02817
181199905776049	2.02818
181320374970535	2.02819
181439907102768	2.0282
181559596937695	2.02822
181680545041635	2.02823
181799450965658	2.02824
181919615785771	2.02825
182039939562740	2.02826
182160422612180	2.02828
182279957711050	2.02829
182399649792672	2.0283
182519499166494	2.02831
182639506142775	2.02832
182759671032592	2.02833
182879994147840	2.02835
183000475801237	2.02836
183119998535040	2.02837
183239677498168	2.02838
183359512997133	2.02839
183479505339254	2.02841
183599654832649	2.02842
183719961786248	2.02843
183840426509790	2.02844
183959921265154	2.02845
184079571462758	2.02846
184200508393403	2.02847
184320471860408	2.02849
184439457747994	2.0285
184559732757507	2.02851
184680164734707	2.02852
184799615616799	2.02853
184920360964545	2.02854
185040122866642	2.02855
185160039994569	2.02857
185280112650309	2.02858
185400341136628	2.02859
185519578499518	2.0286
185640118067115	2.02861
185759664146527	2.02862
185880516004312	2.02863
186000372000744	2.02864
186120382663507	2.02865
186240548292174	2.02867
186359711515167	2.02868
186480186480186	2.02869
186599656656632	2.0287
186720442154007	2.02871
186840220471460	2.02872
186960152559484	2.02873
187080238714385	2.02874
187200479233227	2.02875
187319704784145	2.02876
187440253419223	2.02878
187559784681367	2.02879
187679468491745	2.0288
187800480769231	2.02881
187920472056226	2.02882
188039438138159	2.02883
188159735071093	2.02884
188280186020824	2.02885
188399608128815	2.02886
188520366483592	2.02887
188640093565486	2.02888
188759972818564	2.02889
188880004533120	2.0289
189000189000189	2.02892
189120526511546	2.02893
189239823628484	2.02894
189360466584190	2.02895
189480066696983	2.02896
189599817984175	2.02897
189719720732571	2.02898
189839775229706	2.02899
189959981763842	2.029
190080340623970	2.02901
190199646228658	2.02902
190320309080182	2.02903
190439916206437	2.02904
190559673761839	2.02905
190679582030356	2.02906
190799641296674	2.02907
190919851846195	2.02908
191040213965040	2.02909
191159509867017	2.0291
191280174447519	2.02911
191399770320276	2.02912
191519515838664	2.02913
191639411283729	2.02914
191759456937218	2.02915
191879653081587	2.02916
192000000000000	2.02917
192120497976331	2.02918
192239915414437	2.02919
192359481398838	2.0292
192480431156166	2.02921
192600296604457	2.02922
192720311436023	2.02923
192840475930295	2.02924
192959549246493	2.02925
193080012357121	2.02926
193199381761978	2.02927
193320144603468	2.02928
193439811202744	2.02929
193559626042802	2.0293
193679589399270	2.02931
193799701548460	2.02932
193919962767367	2.02933
194040373333678	2.02934
194159676918298	2.02935
194280385452285	2.02936
194399984448001	2.02937
194519730784693	2.02938
194639624734804	2.02939
194759666571451	2.0294
194879856568426	2.02941
195000195000195	2.02942
