#f	k
21000006300001.9	2.17626
21119993241602.2	2.18559
21240005692321.5	2.19244
21360005809921.6	2.19635
21480000687360	2.19702
21599998272000.1	2.1943
21720007384802.5	2.18826
21840005940481.6	2.17916
21960003513600.6	2.16738
22079994347521.4	2.15339
22200005772001.5	2.13766
22320000357120	2.12061
22440006642242	2.10258
22560003970560.7	2.08377
22680005533921.3	2.06426
22800008208003	2.04403
22919991657123	2.02297
23040005898241.5	2.00091
23159996201760.6	1.97768
23279996275200.6	1.9531
23400005148001.1	1.92701
23520003763200.6	1.89931
23639991300483.2	1.86995
23760004942081	1.83891
23880007737122.5	1.80623
24000000000000	1.772
24120001833120.1	1.73637
24239995345920.9	1.69952
24360001851360.1	1.66165
24480003916800.6	1.62298
24600003936000.6	1.58372
24720004746240.9	1.54407
24840009637923.7	1.50416
24960001597440.1	1.46408
25080005216641.1	1.42389
25200004032000.6	1.38357
25320002633280.3	1.34309
25440006105601.5	1.30238
25559998261920.1	1.26139
25680006574081.7	1.22006
25799993292001.7	1.17832
25920009123843.2	1.13614
26039993958721.4	1.09351
26159999790720	1.0504
26279988752164.8	1.00683
26399991552002.7	0.96278
26519993423041.6	0.91828
26640002983680.3	0.87332
26760005566081.2	0.82792
26880010321924	0.78213
27000002700000.3	0.736
27119992406402.1	0.68967
27239989757763.8	0.64333
27360005690881.2	0.59725
27480001428960.1	0.5518
27599987856005.3	0.50742
27720002106720.2	0.46461
27840005345281	0.42383
27960009730083.4	0.38551
28080001797120.1	0.34993
28199994360001.1	0.31728
28320000906240	0.28758
28440008645762.6	0.26076
28560004569600.7	0.23667
28680002868000.3	0.21511
28799990784002.9	0.19585
28920011105284.3	0.17868
29039995818240.6	0.16336
29159988219364.8	0.1497
29280004684800.8	0.13749
29400004704000.8	0.12658
29520004723200.8	0.11681
29639992649281.8	0.10805
29759985715206.9	0.10017
29880001912320.1	0.09308
30000000000000	0.08668
30119998072320.1	0.08089
30240014999047.4	0.07564
30360008986562.7	0.07088
30479999024640	0.06655
30600004896000.8	0.06259
30719984271368.1	0.05898
30839988774244.1	0.05567
30960007925762	0.05263
31079998881120	0.04984
31200014976007.2	0.04727
31320013279685.6	0.0449
31440015594247.7	0.0427
31560011361604.1	0.04067
31679989862403.2	0.03878
31800007632001.8	0.03703
31919987232005.1	0.0354
32039985902406.2	0.03387
32159993825281.2	0.03245
32280001032960	0.03112
32399997408000.2	0.02987
32520007934881.9	0.02871
32639987466244.8	0.02761
32759996986080.3	0.02657
32879991319682.3	0.0256
32999996700000.3	0.02468
33120003709440.4	0.02382
33240002792160.2	0.023
33359984254087.4	0.02222
33480012990245	0.02149
33600005376000.9	0.02079
33719989209603.4	0.02013
33839993232001.4	0.01951
33960008693762.2	0.01891
34079988003844.2	0.01834
34199999316000	0.0178
34319995057920.7	0.01728
34440005510400.9	0.01679
34559982305289.1	0.01632
34679996115840.4	0.01587
34799998608000.1	0.01544
34919980863850.5	0.01503
35040015697927	0.01463
35160013220165	0.01425
35280005644800.9	0.01389
35399984424006.9	0.01354
35519982950408.2	0.0132
35639993299681.3	0.01288
35760007438081.5	0.01257
35880017222408.3	0.01227
36000014400005.8	0.01198
36119990608802.4	0.01171
36239981155209.8	0.01144
36359978329452.9	0.01118
36480018677769.6	0.01093
36600005856000.9	0.01069
36720020856971.8	0.01046
36840011199363.4	0.01024
36960014192645.4	0.01002
37080022396333.5	0.00981
37199982144008.6	0.00961
37319977757293.3	0.00941
37440002396160.2	0.00922
37560002103360.1	0.00904
37680016277767	0.00886
37799990172002.6	0.00869
37920011527683.5	0.00852
38039977480333.3	0.00836
38159976798734.1	0.0082
38280002909280.2	0.00805
38400000000000	0.0079
38520009861122.5	0.00775
38639975888655	0.00761
38759990387522.4	0.00748
38879996889600.2	0.00734
38999988300003.5	0.00721
39120008449921.8	0.00709
39239999686080	0.00696
39360006297601	0.00684
39480021792972	0.00673
39599987328004.1	0.00661
39720000476640	0.0065
39840002549760.2	0.0064
39959986733284.4	0.00629
40079999679360	0.00619
40199981508008.5	0.00609
40319979356170.6	0.00599
40439987059204.1	0.0059
40559998377600.1	0.0058
40680006996961.2	0.00571
40800006528001.1	0.00563
40919990506562.2	0.00554
41040008536321.8	0.00545
41159998518240.1	0.00537
41280010567682.7	0.00529
41399981784008	0.00521
41520020261769.9	0.00514
41640005496480.7	0.00506
41759988641283.1	0.00499
41880022112651.7	0.00491
41999983200006.7	0.00484
42119982983526.9	0.00477
42240016220166.2	0.00471
42360017791207.5	0.00464
42479981308808.2	0.00458
42600021300010.7	0.00451
42720011619843.2	0.00445
42840006854401.1	0.00439
42960001374720.1	0.00433
43079989488482.6	0.00427
43200027648017.7	0.00422
43319985964324.6	0.00416
43439983319046.4	0.0041
43560014810405	0.00405
43680011880963.2	0.004
43799968464022.7	0.00395
43920007027201.1	0.00389
44039994186720.8	0.00384
44159988695042.9	0.0038
44279985299044.9	0.00375
44399978688010.2	0.0037
44520029561299.6	0.00365
44640000714240	0.00361
44760019157288.2	0.00356
44880013284483.9	0.00352
44999977500011.3	0.00348
45119974010895	0.00344
45239998190400.1	0.00339
45359976775691.9	0.00335
45479972893936.2	0.00331
45599981760007.3	0.00327
45719998536960	0.00324
45840018336007.3	0.0032
45959965805785.4	0.00316
46079976407052.1	0.00312
46199975052013.5	0.00309
46320028162577.1	0.00305
46439987925603.1	0.00302
46559992550401.2	0.00298
46679965270105.8	0.00295
46799973792014.7	0.00292
46920013888324.1	0.00288
47040007526401.2	0.00285
47160023391371.6	0.00282
47279982600966.4	0.00279
47400029388018.2	0.00276
47520009884162.1	0.00273
47639994092640.7	0.0027
47759977457290.6	0.00267
47880031792341.1	0.00264
48000000000000	0.00261
48120030604339.5	0.00258
48239964881305.6	0.00256
48360030756979.6	0.00253
48479990691841.8	0.0025
48599996112000.3	0.00248
48719964142106.4	0.00245
48839969328499.3	0.00243
48960007833601.3	0.0024
49079995484640.4	0.00238
49200007872001.3	0.00235
49319959952192.5	0.00233
49440009492481.8	0.0023
49559989889762.1	0.00228
49679978140809.6	0.00226
49799970120017.9	0.00224
49919961661469.4	0.00221
50040032025620.5	0.00219
50160010433282.2	0.00217
50279975664491.8	0.00215
50400008064001.3	0.00213
50520019399687.4	0.00211
50640005266560.6	0.00209
50759961219389.6	0.00207
50879969064978.8	0.00205
51000025500012.7	0.00203
51120040078111.4	0.00201
51240008198401.3	0.00199
51360013148163.4	0.00197
51479963140346.4	0.00195
51600030960018.6	0.00193
51720035997145.1	0.00192
51839973457933.6	0.0019
51960018497766.6	0.00188
52079987917442.8	0.00186
52199967636020.1	0.00185
52320045204519.1	0.00183
52440034820183.1	0.00181
52560023546890.5	0.0018
52680007585921.1	0.00178
52799983104005.4	0.00176
52920039584189.6	0.00175
53039986846083.3	0.00173
53160008080321.2	0.00172
53280005967360.7	0.0017
53399976504010.4	0.00169
53520011132162.3	0.00167
53640011157122.3	0.00166
53759972474894.1	0.00164
53879987715362.8	0.00163
53999956800034.6	0.00161
54119973156493.3	0.0016
54240033845781.1	0.00159
54360037399705.7	0.00157
54479979515527.7	0.00156
54599955228036.7	0.00155
54719961477147.1	0.00153
54839995174080.4	0.00152
54959952514601	0.00151
55080031285457.8	0.00149
55200026496012.7	0.00148
55320035626102.9	0.00147
55439952986919.9	0.00146
55559979776167.4	0.00145
55680010690562.1	0.00143
55800042408032.2	0.00142
55919967342739.1	0.00141
56039990136961.7	0.0014
56160003594240.2	0.00139
56280004277280.3	0.00138
56399988720002.3	0.00136
56519953427558.4	0.00135
56640001812480.1	0.00134
56760024293290.4	0.00133
56880017291525.3	0.00132
56999977200009.1	0.00131
57120009139201.5	0.0013
57240001602720.1	0.00129
57359950899882	0.00128
57479963442743.3	0.00127
57600036864023.6	0.00126
57719946666769.3	0.00125
57840022210568.5	0.00124
57960038485465.6	0.00123
58079991636481.2	0.00122
58199990688001.5	0.00121
58320033125778.8	0.0012
58440002571360.1	0.00119
58560009369601.5	0.00118
58680050934284.2	0.00118
58800009408001.5	0.00117
58919996464800.2	0.00116
59040009446401.5	0.00115
59160045671555.3	0.00114
59279985298563.6	0.00113
59399941788057.1	0.00112
59520030474255.6	0.00111
59640012882242.8	0.00111
59760003824640.3	0.0011
59880000479040	0.00109
60000000000000	0.00108
60119999519040	0.00107
60239996144640.3	0.00107
60359986962242.8	0.00106
60479969034255.9	0.00105
60599939400060.6	0.00104
60720017973125.3	0.00104
60839956438591.2	0.00103
60959998049280.1	0.00102
61080016858084.7	0.00101
61200009792001.6	0.00101
61319973755051.2	0.001
61440031457296.1	0.00099
61560054911569	0.00099
61680040955547.2	0.00098
61799986404003	0.00097
61920015851524.1	0.00096
62039999255520	0.00096
62160062160062.2	0.00095
62279944197170	0.00094
62400029952014.4	0.00094
62520058518774.8	0.00093
62640026559371.3	0.00092
62760062006941.3	0.00092
62880031188495.5	0.00091
63000063000063	0.00091
63120022723208.2	0.0009
63240040220665.6	0.00089
63359979724806.5	0.00089
63479972068812.3	0.00088
63600015264003.7	0.00088
63719971963212.3	0.00087
63839974464010.2	0.00086
63960020723046.7	0.00086
64079971804812.4	0.00085
64199961480023.1	0.00085
64319987650562.4	0.00084
64440048201156.1	0.00084
64560002065920.1	0.00083
64679984994243.5	0.00082
64799994816000.4	0.00082
64920029343853.3	0.00081
65039945366445.9	0.00081
65160022154407.5	0.0008
65279974932489.6	0.0008
65399942448050.7	0.00079
65520065520065.5	0.00079
65640056187888.1	0.00078
65760054712365.5	0.00078
65880058765012.4	0.00077
66000066000066	0.00077
66119928325997.7	0.00076
66239934289985.2	0.00076
66359936294461.2	0.00075
66479931924549.7	0.00075
66600066600066.6	0.00074
66720042700827.3	0.00074
66840005079840.4	0.00073
66959951253155.5	0.00073
67080028710252.3	0.00072
67199935488061.9	0.00072
67319969571373.8	0.00072
67439978419206.9	0.00071
67559959464024.3	0.00071
67680062807098.3	0.0007
67799981016005.3	0.0007
67920017387524.5	0.00069
68040016601764.1	0.00069
68159976007688.5	0.00069
68280048342274.2	0.00068
68400076608085.8	0.00068
68520058105009.3	0.00067
68639990115841.4	0.00067
68760027504011	0.00066
68880011020801.8	0.00066
68999937900055.9	0.00066
69119964610578.1	0.00065
69239930206150.4	0.00065
69359992231680.9	0.00064
69479988605281.9	0.00064
69600077952087.3	0.00064
69719935021020.6	0.00063
69840043021466.5	0.00063
69960076116562.8	0.00063
70080031395854.1	0.00062
70200070200070.2	0.00062
70320026440329.9	0.00061
70440062550775.6	0.00061
70560011289601.8	0.00061
70680036188178.5	0.0006
70799968848013.7	0.0006
70919973901449.6	0.0006
71040050012195.2	0.00059
71160027040810.3	0.00059
71280071280071.3	0.00059
71400011424001.9	0.00058
71520014876163.1	0.00058
71640080236889.9	0.00058
71760034444816.5	0.00057
71880046578270.2	0.00057
71999942400046.1	0.00057
72120065485019.5	0.00056
72240068194624.4	0.00056
72359947321958.4	0.00056
72480049866274.3	0.00055
72600024684008.4	0.00055
72720044795547.6	0.00055
72839931821823.8	0.00054
72960037355539.1	0.00054
73080005554080.4	0.00054
73200011712001.9	0.00054
73320054256840.2	0.00053
73439951823391.6	0.00053
73560061790451.9	0.00053
73680022398726.8	0.00052
73800011808001.9	0.00052
73920028385290.9	0.00052
74040070486147.1	0.00051
74159953130909.6	0.00051
74280040705462.3	0.00051
74399964288017.1	0.00051
74520090616430.2	0.0005
74640048366751.3	0.0005
74760020334725.6	0.0005
74880004792320.3	0.0005
75000000000000	0.00049
75120004206720.2	0.00049
75240015649923.3	0.00049
75360032555534.1	0.00048
75480053137957.4	0.00048
75600075600075.6	0.00048
75719907015954.2	0.00048
75839927193669.9	0.00047
75959943789641.6	0.00047
76079954960666.7	0.00047
76199958852022.2	0.00047
76319953597468.2	0.00046
76439937319251.4	0.00046
76559908128110.3	0.00046
76680060117167.1	0.00046
76800000000000	0.00045
76919921234000.7	0.00045
77040019722245	0.00045
77160096913081.7	0.00045
77279951777310.1	0.00045
77399979876005.2	0.00044
77519980775044.8	0.00044
77639952484349.1	0.00044
77760094556275	0.00044
77880002492160.1	0.00043
78000078000078	0.00043
78119914068094.5	0.00043
78239914874972.6	0.00043
78360080240722.2	0.00043
78479999372160	0.00042
78600080172081.8	0.00042
78719909314664.5	0.00042
78839897192774.1	0.00042
78960043585944.1	0.00041
79079931358619.6	0.00041
79199974656008.1	0.00041
79319963512816.8	0.00041
79439895774856.7	0.00041
79559980269124.9	0.0004
79680005099520.3	0.0004
79799968080012.8	0.0004
79920079920079.9	0.0004
80039913236734.1	0.0004
80160106452621.4	0.00039
80280016698243.5	0.00039
80400070752062.3	0.00039
80520052176993.8	0.00039
80639958712341.1	0.00039
80760005491680.4	0.00038
80879974118408.3	0.00038
81000081000081	0.00038
81120106429579.6	0.00038
81240048094108.5	0.00038
81359903669874.1	0.00037
81479892120622.8	0.00037
81600013056002.1	0.00037
81720043475063.1	0.00037
81839981013124.4	0.00037
81960047208987.2	0.00037
82080017072643.6	0.00036
82199888208152	0.00036
82320109979666.9	0.00036
82440004286880.2	0.00036
82560021135365.4	0.00036
82679932202455.6	0.00036
82799963568016	0.00035
82919885570557.9	0.00035
83039925596226.7	0.00035
83160083160083.2	0.00035
83279895400451.4	0.00035
83400053376034.2	0.00035
83520093542504.8	0.00034
83640013382402.1	0.00034
83760044225303.3	0.00034
83879951014108.6	0.00034
83999966400013.4	0.00034
84120089840256	0.00034
84240084240084.2	0.00033
84359947021953.3	0.00033
84479913492568.6	0.00033
84599983080003.4	0.00033
84719915957843.4	0.00033
84839949435390.1	0.00033
84960082921040.9	0.00032
85080074530145.3	0.00032
85199921616072.1	0.00032
85320106820773.8	0.00032
85439901573233.4	0.00032
85560033197292.9	0.00032
85680013708802.2	0.00032
85800085800085.8	0.00031
85920002749440.1	0.00031
86040008604000.9	0.00031
86160102702842.4	0.00031
86280036237615.2	0.00031
86400055296035.4	0.00031
86519909673214.3	0.00031
86640097036908.7	0.0003
86760116952637.7	0.0003
86879966638092.8	0.0003
86999895600125.3	0.0003
87119903122667.7	0.0003
87239988484321.5	0.0003
87359896565882.5	0.0003
87479879627685.6	0.0003
87599936928045.4	0.00029
87720067719892.3	0.00029
87840014054402.3	0.00029
87960030961930.9	0.00029
88080117675037.2	0.00029
88200014112002.3	0.00029
88319977390085.8	0.00029
88440006721440.5	0.00028
88560101312755.9	0.00028
88679998226400	0.00028
88799957376020.5	0.00028
88919977947845.5	0.00028
89040059122599.2	0.00028
89159935091567.3	0.00028
89279868580033.5	0.00028
89400125160175.2	0.00027
89519904750821.3	0.00027
89640005736960.4	0.00027
89759892288129.3	0.00027
89880099946671.2	0.00027
90000090000090	0.00027
90120130133467.9	0.00027
90239948021790	0.00027
90360084938479.8	0.00027
90479996380800.1	0.00026
90599952888024.5	0.00026
90719953551383.8	0.00026
90839997456480.1	0.00026
90960083683277	0.00026
91079934786766.7	0.00026
91200102144114.4	0.00026
91320031048810.6	0.00026
91439997073920.1	0.00026
91559999267520	0.00025
91680036672014.7	0.00025
91800108324127.8	0.00025
91919931611570.9	0.00025
92040068109650.4	0.00025
92159952814104.2	0.00025
92279866378753.5	0.00025
92400092400092.4	0.00025
92520061433320.8	0.00025
92640056325154.3	0.00024
92760076063262.4	0.00024
92880119629594.1	0.00024
92999897700112.5	0.00024
93119985100802.4	0.00024
93240093240093.2	0.00024
93359930540211.7	0.00024
93480076279742.3	0.00024
93599947584029.4	0.00024
93720126709611.3	0.00024
93840027776648.2	0.00023
93959941744836.1	0.00023
94079867535546.5	0.00023
94200099852105.9	0.00023
94320046782743.2	0.00023
94440002266560.1	0.00023
94559965201932.8	0.00023
94679934481485.4	0.00023
94799908992087.4	0.00023
94919887614853.1	0.00023
95039869225140	0.00023
95159852692548	0.00022
95280139490124.2	0.00022
95400124020161.2	0.00022
95520106982519.8	0.00022
95640087223759.5	0.00022
95760063584682.2	0.00022
95880034900332.7	0.00022
96000000000000	0.00022
96119957707218.6	0.00022
96239906839770.2	0.00022
96359846209685.5	0.00022
96480084902474.7	0.00021
96600001932000.1	0.00021
96719905601372.1	0.00021
96840107298838.9	0.00021
96959981383683.6	0.00021
97080152609999.9	0.00021
97199992224000.6	0.00021
97320128073288.6	0.00021
97439928284212.8	0.00021
97560023804645.8	0.00021
97680097680097.7	0.00021
97800148656226	0.00021
97919855861972.2	0.0002
98039856469650.1	0.0002
98160151559274	0.0002
98280098280098.3	0.0002
98400015744002.5	0.0002
98519902662336.2	0.0002
98640082068548.3	0.0002
98759904795451.8	0.0002
98880018984963.6	0.0002
99000099000099	0.0002
99120143525967.8	0.0002
99240151241990.5	0.0002
99360120821906.9	0.0002
99480050933786.1	0.00019
99599940240035.9	0.00019
99720118866381.7	0.00019
99839923322938.9	0.00019
99960015993602.6	0.00019
100080064051241	0.00019
100200066132044	0.00019
100320020866564	0.00019
100439926879733	0.00019
100560119867663	0.00019
100679925094136	0.00019
100800016128003	0.00019
100920054496829	0.00019
101040038799375	0.00019
101159967628810	0.00018
101279839572734	0.00018
101399995944000	0.00018
101520094210647	0.00018
101640132945294	0.00018
101760110715000	0.00018
101880026081287	0.00018
101999877600147	0.00018
102120011437441	0.00018
102240080156223	0.00018
102360082297506	0.00018
102480016396803	0.00018
102599880984138	0.00018
102720026296327	0.00018
102840100783299	0.00017
102960102960103	0.00017
103080031336330	0.00017
103199884416129	0.00017
103320016531203	0.00017
103440071994290	0.00017
103560049294583	0.00017
103679946915867	0.00017
103800122484145	0.00017
103919857006277	0.00017
104039868077447	0.00017
104160156656876	0.00017
104279998748640	0.00017
104400116928131	0.00017
104520148000530	0.00017
104640090409038	0.00017
104759942591551	0.00016
104880069640366	0.00016
105000105000105	0.00016
105120047093781	0.00016
105239894339146	0.00016
105360015171842	0.00016
105480039660495	0.00016
105599966208011	0.00016
105720165769220	0.00016
105839892466669	0.00016
105959890649393	0.00016
106080161241845	0.00016
106199953272021	0.00016
106320016160642	0.00016
106439973177127	0.00016
106559822684455	0.00016
106679942392831	0.00016
106799953008021	0.00016
106919852878282	0.00015
107040022264325	0.00015
107160079298459	0.00015
107280022314245	0.00015
107399849640211	0.00015
107519944949788	0.00015
107639922929815	0.00015
107760168967945	0.00015
107879908086318	0.00015
107999913600069	0.00015
108120186399201	0.00015
108239946312987	0.00015
108359971826407	0.00015
108479871559832	0.00015
108600036924013	0.00015
108720074799411	0.00015
108839983456323	0.00015
108960156902626	0.00015
109079802783717	0.00014
109200109200109	0.00014
109319884558202	0.00014
109439922954294	0.00014
109559825142519	0.00014
109679990348161	0.00014
109800017568003	0.00014
109919905029202	0.00014
110040054579867	0.00014
110160062570916	0.00014
110279927215248	0.00014
110400052992025	0.00014
110520033598090	0.00014
110639867232159	0.00014
110759961012494	0.00014
110879905973840	0.00014
111000111000111	0.00014
111120165346806	0.00014
111240067189001	0.00014
111359814697268	0.00014
111479820294530	0.00014
111600084816064	0.00013
111720193052494	0.00013
111840143155383	0.00013
111959933271880	0.00013
112079980273923	0.00013
112199865360162	0.00013
112320007188480	0.00013
112439985157922	0.00013
112559797392365	0.00013
112679865234881	0.00013
112800189504318	0.00013
112919920956055	0.00013
113039906855117	0.00013
113160148013474	0.00013
113279789752710	0.00013
113400113400113	0.00013
113519833806963	0.00013
113639807266887	0.00013
113760034583051	0.00013
113880084271262	0.00013
113999954400018	0.00013
114120077145172	0.00013
114240018278403	0.00013
114360211795112	0.00012
114479784778005	0.00012
114600045840018	0.00012
114720121144448	0.00012
114840008727841	0.00012
114960147148988	0.00012
115080095746640	0.00012
115199852544189	0.00012
115319858848493	0.00012
115440115440115	0.00012
115560177962674	0.00012
115680044421137	0.00012
115800159804221	0.00012
115920076970931	0.00012
116039793913326	0.00012
116160208159093	0.00012
116279971162567	0.00012
116399981376003	0.00012
116519787001829	0.00012
116639839503581	0.00012
116760139645127	0.00012
116879777460904	0.00012
117000117000117	0.00012
117119790121336	0.00012
117240166481036	0.00012
117359872312459	0.00012
117479822840427	0.00011
117600018816003	0.00011
117719999058240	0.00011
117840224367787	0.00011
117960231673895	0.00011
118080018892803	0.00011
118200049644021	0.00011
118319858016170	0.00011
118439909511909	0.00011
118560204872034	0.00011
118679805839838	0.00011
118800118800119	0.00011
118920204542752	0.00011
119040060948511	0.00011
119160159197973	0.00011
119280025764486	0.00011
119400133728150	0.00011
119520007649281	0.00011
119640122511485	0.00011
119760000958080	0.00011
119880119880120	0.00011
120000000000000	0.00011
120120120120120	0.00011
120239999038080	0.00011
120360117471475	0.00011
120479992289281	0.00011
120600106128093	0.00011
120719973924486	0.00011
120840080237813	0.0001
120959938068512	0.0001
121080033902410	0.0001
121199878800121	0.0001
121319961177612	0.0001
121439790152043	0.0001
121559856073130	0.0001
121680159644369	0.0001
121800207060352	0.0001
121919996098560	0.0001
122040020990884	0.0001
122159784998778	0.0001
122279784298461	0.0001
122400019584003	0.0001
122519991178561	0.0001
122640198186560	0.0001
122760138964477	0.0001
122879811256610	0.0001
123000221400399	0.0001
123119857180966	0.0001
123240232184597	0.0001
123359828283119	0.0001
123480164969500	0.0001
123600227424418	0.0001
123720013361761	0.0001
123840031703048	0.0001
123959770922343	0.0001
124080255109004	0.0001
124199945352024	0.0001
124319866729103	0.0001
124440019910403	0.0001
124559888394340	0.0001
124679988030721	0.0001
124799800320319	9E-05
124919843100677	9E-05
125040117037550	9E-05
125160100628721	9E-05
125279791534427	9E-05
125400235752443	9E-05
125519861426073	9E-05
125640241731825	9E-05
125759798784322	9E-05
125880111781539	9E-05
126000126000126	9E-05
126119839071085	9E-05
126239779837824	9E-05
126359948950581	9E-05
126479813821714	9E-05
126599906316069	9E-05
126720227082647	9E-05
126840240489096	9E-05
126959944137625	9E-05
127079873936765	9E-05
127200030528007	9E-05
127319874207964	9E-05
127439943926425	9E-05
127560240323493	9E-05
127680220631421	9E-05
127799882424108	9E-05
127919768721058	9E-05
128039880154672	9E-05
128160217359729	9E-05
128280232443781	9E-05
128399922960046	9E-05
128519837036847	9E-05
128639975301125	9E-05
128759785743717	9E-05
128879819568253	9E-05
129000077400046	9E-05
129120004131840	9E-05
129240154054264	9E-05
129359969988487	8E-05
129480008286721	8E-05
129600269568561	8E-05
129720193542529	8E-05
129839777714301	8E-05
129960145555363	8E-05
130080172746469	8E-05
130199856780158	8E-05
130319761254197	8E-05
130439886778178	8E-05
130560233963939	8E-05
130680234178980	8E-05
130799884896101	8E-05
130919754918219	8E-05
131039844848824	8E-05
131160155293624	8E-05
131280112375776	8E-05
131399713548624	8E-05
131520109424731	8E-05
131640148490088	8E-05
131759828185184	8E-05
131879725690171	8E-05
131999841600190	8E-05
132120176512556	8E-05
132240148108966	8E-05
132359753810858	8E-05
132480161095876	8E-05
132600201552306	8E-05
132719872588922	8E-05
132839759825714	8E-05
132959863849099	8E-05
133080185247618	8E-05
133200133200133	8E-05
133319705096812	8E-05
133440085401655	8E-05
133560088683899	8E-05
133679712321259	8E-05
133800147180162	8E-05
133920201415983	8E-05
134039872394042	8E-05
134159757439159	8E-05
134279857126232	8E-05
134400172032220	8E-05
134520099544874	8E-05
134640241275312	7E-05
134759992453440	7E-05
134879956838414	7E-05
135000135000135	7E-05
135119918928049	7E-05
135239915610293	7E-05
135360125614197	7E-05
135479937679229	7E-05
135599962032011	7E-05
135720199237253	7E-05
135840034775049	7E-05
135960082119890	7E-05
136079724574637	7E-05
136200196128282	7E-05
136320261734903	7E-05
136439918681808	7E-05
136559785874256	7E-05
136679863866856	7E-05
136800153216172	7E-05
136920029574726	7E-05
137040116210019	7E-05
137159786579372	7E-05
137280294328951	7E-05
137399755428435	7E-05
137520055008022	7E-05
137639933932832	7E-05
137760022041604	7E-05
137879686185834	7E-05
138000193200270	7E-05
138120275135588	7E-05
138239929221156	7E-05
138359790799996	7E-05
138479860412301	7E-05
138600138600139	7E-05
138719984463362	7E-05
138840037764490	7E-05
138960299042564	7E-05
139080124059471	7E-05
139200155904175	7E-05
139319748109895	7E-05
139440194100750	7E-05
139560199291965	7E-05
139679760868249	7E-05
139800178944229	7E-05
139920152233126	7E-05
140039677908741	7E-05
140160062791708	7E-05
140279998877760	7E-05
140400140400140	7E-05
140519829689966	7E-05
140639723221025	7E-05
140759821516546	7E-05
140880125101551	7E-05
140999971800006	6E-05
141120022579204	6E-05
141240277960867	6E-05
141360072376357	6E-05
141480070174115	6E-05
141600271872522	6E-05
141720008503201	6E-05
141839947802899	6E-05
141960090286617	6E-05
142079763579273	6E-05
142200312840688	6E-05
142319716499125	6E-05
142439997151200	6E-05
142559803837710	6E-05
142679812233367	6E-05
142800022848004	6E-05
142919755321379	6E-05
143039688745637	6E-05
143159823627097	6E-05
143280160473780	6E-05
143400014340001	6E-05
143520068889633	6E-05
143640324627134	6E-05
143760093156540	6E-05
143880061580666	6E-05
144000230400369	6E-05
144119907763259	6E-05
144239784217283	6E-05
144359860259655	6E-05
144480136389249	6E-05
144599916132049	6E-05
144719894643917	6E-05
144840072420036	6E-05
144959749509553	6E-05
145080326140573	6E-05
145199697984628	6E-05
145319970354726	6E-05
145439737044955	6E-05
145559701311493	6E-05
145679863643648	6E-05
145800224532346	6E-05
145920074711078	6E-05
146040122089542	6E-05
146159655063214	6E-05
146280097129985	6E-05
146400023424004	6E-05
146520146520147	6E-05
146639750125866	6E-05
146760267103686	6E-05
146880263209432	6E-05
146999735400476	6E-05
147120123580904	6E-05
147239986453921	6E-05
147360044797454	6E-05
147480299090047	6E-05
147600023616004	6E-05
147719942684662	6E-05
147840056770582	6E-05
147959636611133	6E-05
148080140972294	6E-05
148200109668081	6E-05
148320272909302	6E-05
148439896685832	6E-05
148559713576872	6E-05
148679724050432	6E-05
148799928576034	5E-05
148920327624721	5E-05
149040181232860	5E-05
149160227916828	5E-05
149279725325305	5E-05
149400158364168	5E-05
149520040669451	5E-05
149640115522169	5E-05
149759635784566	5E-05
149880095923261	5E-05
150000000000000	5E-05
150120096076861	5E-05
150239632213380	5E-05
150360112469364	5E-05
150480031299847	5E-05
150600141564133	5E-05
150719686503052	5E-05
150840179801494	5E-05
150960106275915	5E-05
151080223598731	5E-05
151199770176349	5E-05
151320269350079	5E-05
151440196266494	5E-05
151560313426728	5E-05
151679854387340	5E-05
151800352176817	5E-05
151920272241128	5E-05
152040381925439	5E-05
152159909921333	5E-05
152279626001239	5E-05
152400304800610	5E-05
152519624191646	5E-05
152639907194936	5E-05
152760380067826	5E-05
152880264177097	5E-05
153000336600741	5E-05
153119816256221	5E-05
153240265412140	5E-05
153360120234334	5E-05
153480162688972	5E-05
153599606785007	5E-05
153720024595204	5E-05
153839842468001	5E-05
153959847271832	5E-05
154080039444490	5E-05
154199626836903	5E-05
154320193826163	5E-05
154440154440154	5E-05
154560301701709	5E-05
154679838514249	5E-05
154800359136833	5E-05
154920267702223	5E-05
155040362174286	5E-05
155159840495684	5E-05
155280306833886	5E-05
155400155400155	5E-05
155520189112550	5E-05
155639600940063	5E-05
155760004984320	5E-05
155879785509415	5E-05
155999750400399	5E-05
156119900083264	5E-05
156240234985313	5E-05
156359940583223	5E-05
156479829749945	5E-05
156599902908060	5E-05
156720160481444	5E-05
156839782933740	5E-05
156960409352748	5E-05
157080398984213	5E-05
157199748480402	5E-05
157320104460549	5E-05
157439818629329	5E-05
157559715132035	5E-05
157679794385548	5E-05
157800056808020	5E-05
157919671527083	5E-05
158040300276571	5E-05
158160279627374	5E-05
158279606200340	5E-05
158399949312016	5E-05
158519637941147	5E-05
158640346470517	5E-05
158760398806122	4E-05
158879791549714	4E-05
159000206700269	4E-05
159119960538250	4E-05
159239894901669	4E-05
159360010199041	4E-05
159480306840110	4E-05
159599936160026	4E-05
159719745087287	4E-05
159839734026683	4E-05
159959903384218	4E-05
160080253567122	4E-05
160199929512031	4E-05
160319784530210	4E-05
160439819023884	4E-05
160560033396487	4E-05
160680428052660	4E-05
160800141504125	4E-05
160920033471367	4E-05
161040104353988	4E-05
161160354552780	4E-05
161279917424682	4E-05
161399657832725	4E-05
161519576172632	4E-05
161639672841302	4E-05
161759948236817	4E-05
161880402758442	4E-05
162000162000162	4E-05
162120098569020	4E-05
162240212859159	4E-05
162359626572859	4E-05
162480096188217	4E-05
162599863416115	4E-05
162719807339748	4E-05
162839928350432	4E-05
162960226840636	4E-05
163079816698286	4E-05
163199582209070	4E-05
163320412874004	4E-05
163439641740305	4E-05
163559936538745	4E-05
163680408546300	4E-05
163800163800164	4E-05
163920094417974	4E-05
164040200785206	4E-05
164159585004569	4E-05
164280042712811	4E-05
164399776416304	4E-05
164519684780284	4E-05
164639768187206	4E-05
164760027020644	4E-05
164879555484718	4E-05
165000165000165	4E-05
165120042270731	4E-05
165240093856373	4E-05
165360320137580	4E-05
165479808705341	4E-05
165600384192891	4E-05
165720220076452	4E-05
165840229522878	4E-05
165960412909507	4E-05
166079851192453	4E-05
166200382260879	4E-05
166320166320166	4E-05
166440123165691	4E-05
166560253171585	4E-05
166679630637939	4E-05
166800106752068	4E-05
166919828406416	4E-05
167039722045903	4E-05
167159788041389	4E-05
167280026764804	4E-05
167400438589149	4E-05
167520088450607	4E-05
167639909474449	4E-05
167759902028217	4E-05
167880066480506	4E-05
168000403200968	4E-05
168119970410885	4E-05
168239707935867	4E-05
168359616140075	4E-05
168479695388711	4E-05
168599946048017	4E-05
168720368485285	4E-05
168840012831841	4E-05
168959826985137	4E-05
169079811306931	4E-05
169199966160007	4E-05
169320291908183	4E-05
169439831915687	4E-05
169559540832763	4E-05
169680378726605	4E-05
169800427897078	4E-05
169919684629065	4E-05
170040072777151	4E-05
170159666487054	4E-05
170280395050517	4E-05
170400327168628	4E-05
170520428347316	4E-05
170639728341552	4E-05
170760167344964	4E-05
170879803146467	4E-05
170999606700905	4E-05
171119578361359	4E-05
171239718481903	4E-05
171360027417604	4E-05
171479525344674	4E-05
171600171600172	4E-05
171720004808160	4E-05
171840005498880	4E-05
171960174023696	4E-05
172079523683878	4E-05
172200027552004	4E-05
172319710502886	3E-05
172439559934243	3E-05
172559576193681	3E-05
172679759629775	3E-05
172800110592071	3E-05
172919632718700	3E-05
173040318394186	3E-05
173160173160173	3E-05
173280194073817	3E-05
173400381480839	3E-05
173519732085534	3E-05
173640252125646	3E-05
173759933276186	3E-05
173879779520440	3E-05
173999791200251	3E-05
174119968658406	3E-05
174240312238640	3E-05
174359808901649	3E-05
174480484357825	3E-05
174600310788553	3E-05
174720301916682	3E-05
174840458082000	3E-05
174959759255371	3E-05
175080245112343	3E-05
175199873856091	3E-05
175319666191356	3E-05
175439622453933	3E-05
175559742980536	3E-05
175680028108805	3E-05
175800478177301	3E-05
175920061923862	3E-05
176039808468688	3E-05
176159718144451	3E-05
176279791284727	3E-05
176400028224005	3E-05
176520429297684	3E-05
176639954780172	3E-05
176759642238484	3E-05
176879492002099	3E-05
176999504401388	3E-05
177119679767619	3E-05
177240018432962	3E-05
177360520730489	3E-05
177480137014666	3E-05
177599914752041	3E-05
177719854269720	3E-05
177839955895691	3E-05
177960219958832	3E-05
178079589704625	3E-05
178200178200178	3E-05
178319870183135	3E-05
178439723061550	3E-05
178559737160067	3E-05
178679912804203	3E-05
178800250320350	3E-05
178919682954322	3E-05
179040343757460	3E-05
179160097463093	3E-05
179280011473921	3E-05
179400086112041	3E-05
179520321700416	3E-05
179639642876390	3E-05
179760199893342	3E-05
179879840266702	3E-05
179999640000720	3E-05
180119599414011	3E-05
180239718826039	3E-05
180359998557120	3E-05
180480438928427	3E-05
180599953044012	3E-05
180719625548936	3E-05
180839456758272	3E-05
180960538538563	3E-05
181079596554659	3E-05
181199905776049	3E-05
181320374970535	3E-05
181439907102768	3E-05
181559596937695	3E-05
181680545041635	3E-05
181799450965658	3E-05
181919615785771	3E-05
182039939562740	3E-05
182160422612180	3E-05
182279957711050	3E-05
182399649792672	3E-05
182519499166494	3E-05
182639506142775	3E-05
182759671032592	3E-05
182879994147840	3E-05
183000475801237	3E-05
183119998535040	3E-05
183239677498168	3E-05
183359512997133	3E-05
183479505339254	3E-05
183599654832649	3E-05
183719961786248	3E-05
183840426509790	3E-05
183959921265154	3E-05
184079571462758	3E-05
184200508393403	3E-05
184320471860408	3E-05
184439457747994	3E-05
184559732757507	3E-05
184680164734707	3E-05
184799615616799	3E-05
184920360964545	3E-05
185040122866642	3E-05
185160039994569	3E-05
185280112650309	3E-05
185400341136628	3E-05
185519578499518	3E-05
185640118067115	3E-05
185759664146527	3E-05
185880516004312	3E-05
186000372000744	3E-05
186120382663507	3E-05
186240548292174	3E-05
186359711515167	3E-05
186480186480186	3E-05
186599656656632	3E-05
186720442154007	3E-05
186840220471460	3E-05
186960152559484	3E-05
187080238714385	3E-05
187200479233227	3E-05
187319704784145	3E-05
187440253419223	3E-05
187559784681367	3E-05
187679468491745	3E-05
187800480769231	3E-05
187920472056226	3E-05
188039438138159	3E-05
188159735071093	3E-05
188280186020824	3E-05
188399608128815	3E-05
188520366483592	3E-05
188640093565486	3E-05
188759972818564	3E-05
188880004533120	3E-05
189000189000189	3E-05
189120526511546	3E-05
189239823628484	3E-05
189360466584190	3E-05
189480066696983	3E-05
189599817984175	3E-05
189719720732571	3E-05
189839775229706	3E-05
189959981763842	3E-05
190080340623970	3E-05
190199646228658	3E-05
190320309080182	3E-05
190439916206437	3E-05
190559673761839	3E-05
190679582030356	3E-05
190799641296674	3E-05
190919851846195	3E-05
191040213965040	3E-05
191159509867017	3E-05
191280174447519	3E-05
191399770320276	3E-05
191519515838664	3E-05
191639411283729	3E-05
191759456937218	3E-05
191879653081587	3E-05
192000000000000	3E-05
192120497976331	3E-05
192239915414437	3E-05
192359481398838	2E-05
192480431156166	2E-05
192600296604457	2E-05
192720311436023	2E-05
192840475930295	2E-05
192959549246493	2E-05
193080012357121	2E-05
193199381761978	2E-05
193320144603468	2E-05
193439811202744	2E-05
193559626042802	2E-05
193679589399270	2E-05
193799701548460	2E-05
193919962767367	2E-05
194040373333678	2E-05
194159676918298	2E-05
194280385452285	2E-05
194399984448001	2E-05
194519730784693	2E-05
194639624734804	2E-05
194759666571451	2E-05
194879856568426	2E-05
195000195000195	2E-05
