#f  n
4.6023e+011  3.6067
5.0384e+011  3.6068
5.4745e+011  3.6069
5.9106e+011  3.607
6.3467e+011  3.6076
6.7827e+011  3.6082
7.2188e+011  3.6087
7.6549e+011  3.6092
8.091e+011  3.6096
8.5271e+011  3.61
8.9631e+011  3.6103
9.3992e+011  3.6106
9.8353e+011  3.6109
1.0271e+012  3.6113
1.0707e+012  3.6118
1.1144e+012  3.6122
1.158e+012  3.6126
1.2016e+012  3.613
1.2452e+012  3.6134
1.2888e+012  3.6137
1.3324e+012  3.614
1.376e+012  3.6143
1.4196e+012  3.6146
1.4632e+012  3.6148
1.5068e+012  3.6152
1.5504e+012  3.6161
1.594e+012  3.6169
1.6376e+012  3.6177
1.6813e+012  3.6185
1.7249e+012  3.6192
1.7685e+012  3.6199
1.8121e+012  3.6205
1.8557e+012  3.6211
1.8993e+012  3.6217
1.9429e+012  3.6223
1.9865e+012  3.6228
2.0301e+012  3.6242
2.0737e+012  3.6259
2.1173e+012  3.6275
2.1609e+012  3.6291
2.2046e+012  3.6306
2.2482e+012  3.632
2.2918e+012  3.6333
2.3354e+012  3.6347
2.379e+012  3.6359
2.4226e+012  3.6372
2.4662e+012  3.6383
2.5098e+012  3.6395
2.5534e+012  3.6406
2.597e+012  3.6417
2.6406e+012  3.6427
2.6842e+012  3.6437
2.7278e+012  3.6446
2.7715e+012  3.6456
2.8151e+012  3.6465
2.8587e+012  3.6474
2.9023e+012  3.6482
2.9459e+012  3.649
2.9895e+012  3.6498
3.0331e+012  3.6514
3.0767e+012  3.6531
3.1203e+012  3.6547
3.1639e+012  3.6563
3.2075e+012  3.6578
3.2511e+012  3.6593
3.2948e+012  3.6608
3.3384e+012  3.6623
3.382e+012  3.6645
3.4256e+012  3.6667
3.4692e+012  3.6688
3.5128e+012  3.6708
3.5564e+012  3.6728
3.6e+012  3.6748
3.6436e+012  3.6766
3.6872e+012  3.6785
3.7308e+012  3.6803
3.7744e+012  3.6826
3.818e+012  3.6853
3.8617e+012  3.6878
3.9053e+012  3.6903
3.9489e+012  3.6928
3.9925e+012  3.6952
4.0361e+012  3.6976
4.0797e+012  3.6999
4.1233e+012  3.7021
4.1669e+012  3.7043
4.2105e+012  3.7065
4.2541e+012  3.7086
4.2977e+012  3.7114
4.3413e+012  3.7156
4.3849e+012  3.7197
4.4286e+012  3.7238
4.4722e+012  3.7277
4.5158e+012  3.7316
4.5594e+012  3.7354
4.603e+012  3.7392
4.6466e+012  3.7428
4.6902e+012  3.7464
4.7338e+012  3.75
4.7774e+012  3.7534
4.821e+012  3.7568
4.8646e+012  3.7602
4.9082e+012  3.7635
4.9519e+012  3.7667
4.9955e+012  3.7699
5.0391e+012  3.7779
5.0827e+012  3.7861
5.1263e+012  3.7941
5.1699e+012  3.802
5.2135e+012  3.8098
5.2571e+012  3.8174
5.3007e+012  3.8249
5.3443e+012  3.8323
5.3879e+012  3.8396
5.4315e+012  3.8467
5.4751e+012  3.8538
5.5188e+012  3.8607
5.5624e+012  3.8675
5.606e+012  3.8742
5.6496e+012  3.8808
5.6932e+012  3.8873
5.7368e+012  3.8937
5.7804e+012  3.9
5.824e+012  3.9063
5.8676e+012  3.9124
5.9112e+012  3.9184
5.9548e+012  3.9244
5.9984e+012  3.9305
6.0421e+012  3.9442
6.0857e+012  3.9576
6.1293e+012  3.9709
6.1729e+012  3.9839
6.2165e+012  3.9968
6.2601e+012  4.0095
6.3037e+012  4.0227
6.3473e+012  4.0393
6.3909e+012  4.0556
6.4345e+012  4.0718
6.4781e+012  4.0877
6.5217e+012  4.1034
6.5459e+012  4.112
6.5488e+012  4.113
6.5517e+012  4.114
6.5545e+012  4.115
6.5574e+012  4.116
6.5603e+012  4.1171
6.5632e+012  4.1181
6.5661e+012  4.1191
6.569e+012  4.1201
6.5719e+012  4.1211
6.5747e+012  4.1221
6.5776e+012  4.1232
6.5805e+012  4.1242
6.5834e+012  4.1252
6.5863e+012  4.1262
6.5892e+012  4.1272
6.592e+012  4.1282
6.5949e+012  4.1292
6.5978e+012  4.1304
6.6007e+012  4.1321
6.6036e+012  4.1338
6.6065e+012  4.1355
6.6093e+012  4.1372
6.6122e+012  4.1389
6.6151e+012  4.1406
6.618e+012  4.1424
6.6209e+012  4.1441
6.6238e+012  4.1458
6.6267e+012  4.1475
6.6295e+012  4.1492
6.6324e+012  4.1509
6.6353e+012  4.1526
6.6382e+012  4.1542
6.6411e+012  4.1559
6.644e+012  4.1576
6.6468e+012  4.1593
6.6497e+012  4.161
6.6526e+012  4.1627
6.6555e+012  4.1644
6.6584e+012  4.1661
6.6613e+012  4.1677
6.6642e+012  4.1694
6.667e+012  4.1711
6.6699e+012  4.1728
6.6728e+012  4.1745
6.6757e+012  4.1761
6.6786e+012  4.1778
6.6815e+012  4.1795
6.6843e+012  4.1812
6.6872e+012  4.1828
6.6901e+012  4.1845
6.693e+012  4.1862
6.6959e+012  4.1878
6.6988e+012  4.1895
6.7016e+012  4.1912
6.7045e+012  4.1928
6.7074e+012  4.1945
6.7103e+012  4.1961
6.7132e+012  4.1978
6.7161e+012  4.1994
6.719e+012  4.2011
6.7218e+012  4.2028
6.7247e+012  4.2044
6.7276e+012  4.2061
6.7305e+012  4.2077
6.7334e+012  4.2093
6.7363e+012  4.211
6.7391e+012  4.2126
6.742e+012  4.2143
6.7449e+012  4.2159
6.7478e+012  4.2176
6.7507e+012  4.2192
6.7536e+012  4.2208
6.7565e+012  4.2225
6.7593e+012  4.2241
6.7622e+012  4.2257
6.7651e+012  4.2274
6.768e+012  4.229
6.7709e+012  4.2306
6.7738e+012  4.2323
6.7766e+012  4.2339
6.7795e+012  4.2355
6.7824e+012  4.2371
6.7853e+012  4.2387
6.7882e+012  4.2404
6.7911e+012  4.242
6.7939e+012  4.2436
6.7968e+012  4.2452
6.7997e+012  4.2468
6.8026e+012  4.2485
6.8055e+012  4.2501
6.8084e+012  4.2517
6.8113e+012  4.2533
6.8141e+012  4.2549
6.817e+012  4.2565
6.8199e+012  4.2581
6.8228e+012  4.2597
6.8257e+012  4.2613
6.8286e+012  4.2629
6.8314e+012  4.2645
6.8343e+012  4.2661
6.8372e+012  4.2677
6.8401e+012  4.2693
6.843e+012  4.2709
6.8459e+012  4.2725
6.8488e+012  4.2741
6.8516e+012  4.2757
6.8545e+012  4.2773
6.8574e+012  4.2788
6.8603e+012  4.2804
6.8632e+012  4.282
6.8661e+012  4.2836
6.8689e+012  4.2852
6.8718e+012  4.2868
6.8747e+012  4.2883
6.8776e+012  4.2899
6.8805e+012  4.2915
6.8834e+012  4.2931
6.8862e+012  4.2947
6.8891e+012  4.2962
6.892e+012  4.2978
6.8949e+012  4.2994
6.8978e+012  4.3016
6.9007e+012  4.3043
6.9036e+012  4.307
6.9064e+012  4.3097
6.9093e+012  4.3124
6.9122e+012  4.3152
6.9151e+012  4.3178
6.918e+012  4.3205
6.9209e+012  4.3232
6.9237e+012  4.3259
6.9266e+012  4.3286
6.9295e+012  4.3313
6.9324e+012  4.334
6.9353e+012  4.3367
6.9382e+012  4.3394
6.9411e+012  4.342
6.9439e+012  4.3447
6.9468e+012  4.3474
6.9497e+012  4.3501
6.9526e+012  4.3527
6.9555e+012  4.3554
6.9584e+012  4.3581
6.9612e+012  4.3607
6.9641e+012  4.3634
6.967e+012  4.3661
6.9699e+012  4.3687
6.9728e+012  4.3714
6.9757e+012  4.374
6.9785e+012  4.3767
6.9814e+012  4.3793
6.9843e+012  4.382
6.9872e+012  4.3846
6.9901e+012  4.3872
6.993e+012  4.3899
6.9959e+012  4.3925
6.9987e+012  4.3952
7.0016e+012  4.3978
7.0045e+012  4.4004
7.0074e+012  4.403
7.0103e+012  4.4057
7.0132e+012  4.4083
7.016e+012  4.4109
7.0189e+012  4.4135
7.0218e+012  4.4162
7.0247e+012  4.4188
7.0276e+012  4.4214
7.0305e+012  4.424
7.0334e+012  4.4266
7.0362e+012  4.4292
7.0391e+012  4.4318
7.042e+012  4.4344
7.0449e+012  4.437
7.0478e+012  4.4396
7.0507e+012  4.4422
7.0535e+012  4.4448
7.0564e+012  4.4474
7.0593e+012  4.45
7.0622e+012  4.4526
7.0651e+012  4.4552
7.068e+012  4.4577
7.0708e+012  4.4603
7.0737e+012  4.4629
7.0766e+012  4.4655
7.0795e+012  4.4681
7.0824e+012  4.4706
7.0853e+012  4.4732
7.0882e+012  4.4758
7.091e+012  4.4783
7.0939e+012  4.4809
7.0968e+012  4.4835
7.0997e+012  4.486
7.1026e+012  4.4886
7.1055e+012  4.4911
7.1083e+012  4.4937
7.1112e+012  4.4962
7.1141e+012  4.4988
7.117e+012  4.5013
7.1199e+012  4.5039
7.1228e+012  4.5064
7.1257e+012  4.509
7.1285e+012  4.5115
7.1314e+012  4.5141
7.1343e+012  4.5166
7.1372e+012  4.5191
7.1401e+012  4.5217
7.143e+012  4.5242
7.1458e+012  4.5267
7.1487e+012  4.5292
7.1516e+012  4.5318
7.1545e+012  4.5343
7.1574e+012  4.5368
7.1603e+012  4.5393
7.1631e+012  4.5418
7.166e+012  4.5444
7.1689e+012  4.5469
7.1718e+012  4.5494
7.1747e+012  4.5519
7.1776e+012  4.5544
7.1805e+012  4.5569
7.1833e+012  4.5594
7.1862e+012  4.5619
7.1891e+012  4.5644
7.192e+012  4.5669
7.1949e+012  4.5694
7.1978e+012  4.5738
7.2006e+012  4.5789
7.2035e+012  4.584
7.2064e+012  4.5891
7.2093e+012  4.5942
7.2122e+012  4.5993
7.2151e+012  4.6043
7.218e+012  4.6094
7.2208e+012  4.6145
7.2237e+012  4.6195
7.2266e+012  4.6246
7.2295e+012  4.6296
7.2324e+012  4.6347
7.2353e+012  4.6397
7.2381e+012  4.6448
7.241e+012  4.6498
7.2439e+012  4.6549
7.2468e+012  4.6599
7.2497e+012  4.6649
7.2526e+012  4.6699
7.2554e+012  4.675
7.2583e+012  4.68
7.2612e+012  4.685
7.2641e+012  4.69
7.267e+012  4.695
7.2699e+012  4.7
7.2728e+012  4.705
7.2756e+012  4.71
7.2785e+012  4.715
7.2814e+012  4.72
7.2843e+012  4.7249
7.2872e+012  4.7299
7.2901e+012  4.7349
7.2929e+012  4.7399
7.2958e+012  4.7448
7.2987e+012  4.7498
7.3016e+012  4.7547
7.3045e+012  4.7597
7.3074e+012  4.7646
7.3103e+012  4.7696
7.3131e+012  4.7745
7.316e+012  4.7795
7.3189e+012  4.7844
7.3218e+012  4.7893
7.3247e+012  4.7942
7.3276e+012  4.7992
7.3304e+012  4.8041
7.3333e+012  4.809
7.3362e+012  4.8139
7.3391e+012  4.8188
7.342e+012  4.8237
7.3449e+012  4.8286
7.3477e+012  4.8335
7.3506e+012  4.8384
7.3535e+012  4.8433
7.3564e+012  4.8482
7.3593e+012  4.853
7.3622e+012  4.8579
7.3651e+012  4.8628
7.3679e+012  4.8677
7.3708e+012  4.8725
7.3737e+012  4.8774
7.3766e+012  4.8822
7.3795e+012  4.8871
7.3824e+012  4.8919
7.3852e+012  4.8968
7.3881e+012  4.9016
7.391e+012  4.9065
7.3939e+012  4.9113
7.3968e+012  4.9161
7.3997e+012  4.9209
7.4026e+012  4.9258
7.4054e+012  4.9306
7.4083e+012  4.9354
7.4112e+012  4.9402
7.4141e+012  4.945
7.417e+012  4.9498
7.4199e+012  4.9546
7.4227e+012  4.9594
7.4256e+012  4.9642
7.4285e+012  4.969
7.4314e+012  4.9738
7.4343e+012  4.9786
7.4372e+012  4.9833
7.44e+012  4.9881
7.4429e+012  4.9929
7.4458e+012  4.9976
7.4487e+012  5.0024
7.4516e+012  5.0072
7.4545e+012  5.0119
7.4574e+012  5.0167
7.4602e+012  5.0214
7.4631e+012  5.0262
7.466e+012  5.0309
7.4689e+012  5.0356
7.4718e+012  5.0404
7.4747e+012  5.0451
7.4775e+012  5.0498
7.4804e+012  5.0545
7.4833e+012  5.0593
7.4862e+012  5.064
7.4891e+012  5.0687
7.492e+012  5.0734
7.4949e+012  5.0781
7.4977e+012  5.0858
7.5006e+012  5.0954
7.5035e+012  5.1051
7.5064e+012  5.1147
7.5093e+012  5.1243
7.5122e+012  5.134
7.515e+012  5.1436
7.5179e+012  5.1532
7.5208e+012  5.1628
7.5237e+012  5.1724
7.5266e+012  5.182
7.5295e+012  5.1916
7.5323e+012  5.2012
7.5352e+012  5.2108
7.5381e+012  5.2203
7.541e+012  5.2299
7.5439e+012  5.2394
7.5468e+012  5.249
7.5497e+012  5.2585
7.5525e+012  5.268
7.5554e+012  5.2776
7.5583e+012  5.2871
7.5612e+012  5.2966
7.5641e+012  5.3061
7.567e+012  5.3156
7.5698e+012  5.3251
7.5727e+012  5.3345
7.5756e+012  5.344
7.5785e+012  5.3535
7.5814e+012  5.3629
7.5843e+012  5.3724
7.5872e+012  5.3818
7.59e+012  5.3913
7.5929e+012  5.4007
7.5958e+012  5.4101
7.5987e+012  5.4195
7.6016e+012  5.4289
7.6045e+012  5.4383
7.6073e+012  5.4477
7.6102e+012  5.4571
7.6131e+012  5.4665
7.616e+012  5.4758
7.6189e+012  5.4852
7.6218e+012  5.4946
7.6246e+012  5.5039
7.6275e+012  5.5133
7.6304e+012  5.5226
7.6333e+012  5.5319
7.6362e+012  5.5412
7.6391e+012  5.5506
7.642e+012  5.5599
7.6448e+012  5.5692
7.6477e+012  5.5859
7.6506e+012  5.6034
7.6535e+012  5.6209
7.6564e+012  5.6384
7.6593e+012  5.6559
7.6621e+012  5.6733
7.665e+012  5.6908
7.6679e+012  5.7082
7.6708e+012  5.7256
7.6737e+012  5.743
7.6766e+012  5.7604
7.6795e+012  5.7778
7.6823e+012  5.7951
7.6852e+012  5.8125
7.6881e+012  5.8298
7.691e+012  5.8471
7.6939e+012  5.8644
7.6968e+012  5.8817
7.6996e+012  5.899
7.7025e+012  5.9163
7.7054e+012  5.9335
7.7083e+012  5.9508
7.7112e+012  5.968
7.7141e+012  5.9852
7.7169e+012  6.0024
7.7198e+012  6.0196
7.7227e+012  6.0368
7.7256e+012  6.054
7.7285e+012  6.0711
7.7314e+012  6.0883
7.7343e+012  6.1054
7.7371e+012  6.1225
7.74e+012  6.1396
7.7429e+012  6.1567
7.7458e+012  6.1738
7.7487e+012  6.1908
7.7516e+012  6.2079
7.7544e+012  6.2249
7.7573e+012  6.2419
7.7602e+012  6.259
7.7631e+012  6.276
7.766e+012  6.2929
7.7689e+012  6.3099
7.7718e+012  6.3269
7.7746e+012  6.3438
7.7775e+012  6.3608
7.7804e+012  6.3777
7.7833e+012  6.3946
7.7862e+012  6.4115
7.7891e+012  6.4284
7.7919e+012  6.4453
7.7948e+012  6.4621
7.7977e+012  6.4847
7.8006e+012  6.5122
7.8035e+012  6.5396
7.8064e+012  6.5671
7.8092e+012  6.5945
7.8121e+012  6.6219
7.815e+012  6.6493
7.8179e+012  6.6767
7.8208e+012  6.704
7.8237e+012  6.7313
7.8266e+012  6.7586
7.8294e+012  6.7935
7.8323e+012  6.8288
7.8352e+012  6.864
7.8381e+012  6.8992
7.841e+012  6.9344
7.8439e+012  6.9696
7.8467e+012  7.0047
7.8496e+012  7.0398
7.8525e+012  7.0749
7.8554e+012  7.1099
7.8583e+012  7.151
7.8612e+012  7.1921
7.8641e+012  7.2331
7.8669e+012  7.2741
7.8698e+012  7.3151
7.8727e+012  7.356
7.8756e+012  7.3969
7.8785e+012  7.4378
7.8814e+012  7.4787
7.8842e+012  7.5195
7.8871e+012  7.5643
7.89e+012  7.6209
7.8929e+012  7.6774
7.8958e+012  7.7339
7.8987e+012  7.7904
7.9015e+012  7.8468
7.9044e+012  7.9032
7.9073e+012  7.9595
7.9102e+012  8.0158
7.9131e+012  8.0721
7.916e+012  8.1309
7.9189e+012  8.2048
7.9217e+012  8.2787
7.9246e+012  8.3525
7.9275e+012  8.4262
7.9304e+012  8.4999
7.9333e+012  8.5736
7.9362e+012  8.6472
7.939e+012  8.7207
7.9419e+012  8.7942
7.9448e+012  8.8676
7.9477e+012  8.961
7.9506e+012  9.055
7.9535e+012  9.1489
7.9564e+012  9.2427
7.9592e+012  9.3365
7.9621e+012  9.4302
7.965e+012  9.5239
7.9679e+012  9.6174
7.9708e+012  9.7109
7.9737e+012  9.8044
7.9765e+012  9.8978
7.9794e+012  10.033
7.9823e+012  10.168
7.9852e+012  10.304
7.9881e+012  10.44
7.991e+012  10.575
7.9938e+012  10.711
7.9967e+012  10.846
7.9996e+012  10.981
8.0025e+012  11.116
8.0054e+012  11.251
8.0083e+012  11.386
8.0112e+012  11.521
8.014e+012  11.656
8.0169e+012  11.79
8.0198e+012  11.925
8.0227e+012  12.034
8.0256e+012  12.111
8.0285e+012  12.187
8.0313e+012  12.264
8.0342e+012  12.34
8.0371e+012  12.366
8.04e+012  12.213
8.0429e+012  12.06
8.0458e+012  11.907
8.0487e+012  11.755
8.0515e+012  11.602
8.0544e+012  11.168
8.0573e+012  10.731
8.0602e+012  10.293
8.0631e+012  9.8558
8.066e+012  9.4189
8.0688e+012  8.9311
8.0717e+012  8.4246
8.0746e+012  7.9185
8.0775e+012  7.4127
8.0804e+012  6.9073
8.0833e+012  6.434
8.0861e+012  5.9995
8.089e+012  5.5654
8.0919e+012  5.1316
8.0948e+012  4.6981
8.0977e+012  4.4795
8.1006e+012  4.2817
8.1035e+012  4.0841
8.1063e+012  3.8866
8.1092e+012  3.6892
8.1121e+012  3.492
8.115e+012  3.295
8.1179e+012  3.0981
8.1208e+012  2.9013
8.1236e+012  2.7046
8.1265e+012  2.5373
8.1294e+012  2.4512
8.1323e+012  2.3653
8.1352e+012  2.2794
8.1381e+012  2.1935
8.141e+012  2.1077
8.1438e+012  2.022
8.1467e+012  1.9364
8.1496e+012  1.8508
8.1525e+012  1.7652
8.1554e+012  1.6797
8.1583e+012  1.6149
8.1611e+012  1.5679
8.164e+012  1.521
8.1669e+012  1.4741
8.1698e+012  1.4272
8.1727e+012  1.3804
8.1756e+012  1.3336
8.1784e+012  1.2868
8.1813e+012  1.2401
8.1842e+012  1.1934
8.1871e+012  1.1561
8.19e+012  1.1284
8.1929e+012  1.1006
8.1958e+012  1.0729
8.1986e+012  1.0451
8.2015e+012  1.0174
8.2044e+012  0.98975
8.2073e+012  0.96208
8.2102e+012  0.93444
8.2131e+012  0.90681
8.2159e+012  0.88367
8.2188e+012  0.86747
8.2217e+012  0.85129
8.2246e+012  0.83512
8.2275e+012  0.81896
8.2304e+012  0.80282
8.2333e+012  0.78668
8.2361e+012  0.77055
8.239e+012  0.75444
8.2419e+012  0.73834
8.2448e+012  0.72225
8.2477e+012  0.70797
8.2506e+012  0.69614
8.2534e+012  0.68432
8.2563e+012  0.67251
8.2592e+012  0.6607
8.2621e+012  0.64891
8.265e+012  0.63712
8.2679e+012  0.62534
8.2707e+012  0.61357
8.2736e+012  0.6018
8.2765e+012  0.59061
8.2794e+012  0.58226
8.2823e+012  0.57392
8.2852e+012  0.56558
8.2881e+012  0.55725
8.2909e+012  0.54892
8.2938e+012  0.5406
8.2967e+012  0.53229
8.2996e+012  0.52398
8.3025e+012  0.51568
8.3054e+012  0.50738
8.3082e+012  0.50094
8.3111e+012  0.49487
8.314e+012  0.4888
8.3169e+012  0.48274
8.3198e+012  0.47668
8.3227e+012  0.47063
8.3256e+012  0.46458
8.3284e+012  0.45854
8.3313e+012  0.4525
8.3342e+012  0.44646
8.3371e+012  0.44104
8.34e+012  0.43645
8.3429e+012  0.43186
8.3457e+012  0.42727
8.3486e+012  0.42269
8.3515e+012  0.41811
8.3544e+012  0.41353
8.3573e+012  0.40896
8.3602e+012  0.40439
8.363e+012  0.39982
8.3659e+012  0.39526
8.3688e+012  0.39168
8.3717e+012  0.38817
8.3746e+012  0.38466
8.3775e+012  0.38115
8.3804e+012  0.37764
8.3832e+012  0.37414
8.3861e+012  0.37064
8.389e+012  0.36714
8.3919e+012  0.36364
8.3948e+012  0.36015
8.3977e+012  0.35686
8.4005e+012  0.3539
8.4034e+012  0.35094
8.4063e+012  0.34798
8.4092e+012  0.34502
8.4121e+012  0.34207
8.415e+012  0.33911
8.4179e+012  0.33616
8.4207e+012  0.33321
8.4236e+012  0.33027
8.4265e+012  0.32783
8.4294e+012  0.32577
8.4323e+012  0.32371
8.4352e+012  0.32165
8.438e+012  0.31959
8.4409e+012  0.31754
8.4438e+012  0.31548
8.4467e+012  0.31343
8.4496e+012  0.31138
8.4525e+012  0.30933
8.4553e+012  0.30728
8.4582e+012  0.30564
8.4611e+012  0.30406
8.464e+012  0.30248
8.4669e+012  0.3009
8.4698e+012  0.29932
8.4727e+012  0.29775
8.4755e+012  0.29617
8.4784e+012  0.2946
8.4813e+012  0.29303
8.4842e+012  0.29145
8.4871e+012  0.28991
8.49e+012  0.28871
8.4928e+012  0.28751
8.4957e+012  0.28631
8.4986e+012  0.28511
8.5015e+012  0.28392
8.5044e+012  0.28272
8.5073e+012  0.28153
8.5102e+012  0.28033
8.513e+012  0.27914
8.5159e+012  0.27796
8.5188e+012  0.27717
8.5217e+012  0.27637
8.5246e+012  0.27558
8.5275e+012  0.27479
8.5303e+012  0.27399
8.5332e+012  0.2732
8.5361e+012  0.27241
8.539e+012  0.27162
8.5419e+012  0.27083
8.5448e+012  0.27004
8.5476e+012  0.26965
8.5505e+012  0.26929
8.5534e+012  0.26893
8.5563e+012  0.26856
8.5592e+012  0.2682
8.5621e+012  0.26784
8.565e+012  0.26747
8.5678e+012  0.26711
8.5707e+012  0.26675
8.5736e+012  0.26639
8.5765e+012  0.26602
8.5794e+012  0.26609
8.5823e+012  0.26619
8.5851e+012  0.26629
8.588e+012  0.26638
8.5909e+012  0.26648
8.5938e+012  0.26658
8.5967e+012  0.26668
8.5996e+012  0.26678
8.6024e+012  0.26687
8.6053e+012  0.26697
8.6082e+012  0.26754
8.6111e+012  0.26832
8.614e+012  0.26909
8.6169e+012  0.26987
8.6198e+012  0.27065
8.6226e+012  0.27142
8.6255e+012  0.2722
8.6284e+012  0.27297
8.6313e+012  0.27375
8.6342e+012  0.27452
8.6371e+012  0.27559
8.6399e+012  0.27713
8.6428e+012  0.27868
8.6457e+012  0.28022
8.6486e+012  0.28176
8.6515e+012  0.2833
8.6544e+012  0.28484
8.6573e+012  0.28638
8.6601e+012  0.28792
8.663e+012  0.28946
8.6659e+012  0.29099
8.6688e+012  0.29406
8.6717e+012  0.29712
8.6746e+012  0.30019
8.6774e+012  0.30325
8.6803e+012  0.30632
8.6832e+012  0.30938
8.6861e+012  0.31243
8.689e+012  0.31549
8.6919e+012  0.31854
8.6947e+012  0.32159
8.6976e+012  0.32649
8.7005e+012  0.33297
8.7034e+012  0.33944
8.7063e+012  0.34591
8.7092e+012  0.35237
8.7121e+012  0.35883
8.7149e+012  0.36529
8.7178e+012  0.37174
8.7207e+012  0.37818
8.7236e+012  0.38463
8.7265e+012  0.39115
8.7294e+012  0.40611
8.7322e+012  0.42107
8.7351e+012  0.43602
8.738e+012  0.45095
8.7409e+012  0.46588
8.7438e+012  0.48079
8.7467e+012  0.4957
8.7496e+012  0.5106
8.7524e+012  0.52548
8.7553e+012  0.5422
8.7582e+012  0.56335
8.7611e+012  0.58448
8.764e+012  0.6056
8.7669e+012  0.62671
8.7697e+012  0.6478
8.7726e+012  0.66888
8.7755e+012  0.68994
8.7784e+012  0.71099
8.7813e+012  0.73203
8.7842e+012  0.75305
8.787e+012  0.77342
8.7899e+012  0.79339
8.7928e+012  0.81335
8.7957e+012  0.83329
8.7986e+012  0.85322
8.8015e+012  0.87313
8.8044e+012  0.89304
8.8072e+012  0.91293
8.8101e+012  0.9328
8.813e+012  0.95267
8.8159e+012  0.97252
8.8188e+012  0.99057
8.8217e+012  1.0084
8.8245e+012  1.0261
8.8274e+012  1.0439
8.8303e+012  1.0617
8.8332e+012  1.0794
8.8361e+012  1.0971
8.839e+012  1.1148
8.8419e+012  1.1325
8.8447e+012  1.1502
8.8476e+012  1.164
8.8505e+012  1.1775
8.8534e+012  1.191
8.8563e+012  1.2045
8.8592e+012  1.218
8.862e+012  1.2315
8.8649e+012  1.245
8.8678e+012  1.2585
8.8707e+012  1.2719
8.8736e+012  1.2854
8.8765e+012  1.2988
8.8793e+012  1.3112
8.8822e+012  1.3235
8.8851e+012  1.3359
8.888e+012  1.3482
8.8909e+012  1.3606
8.8938e+012  1.3729
8.8967e+012  1.3852
8.8995e+012  1.3975
8.9024e+012  1.4098
8.9053e+012  1.4221
8.9082e+012  1.4327
8.9111e+012  1.4433
8.914e+012  1.4539
8.9168e+012  1.4645
8.9197e+012  1.4751
8.9226e+012  1.4856
8.9255e+012  1.4962
8.9284e+012  1.5067
8.9313e+012  1.5173
8.9342e+012  1.5278
8.937e+012  1.5366
8.9399e+012  1.545
8.9428e+012  1.5535
8.9457e+012  1.562
8.9486e+012  1.5704
8.9515e+012  1.5789
8.9543e+012  1.5873
8.9572e+012  1.5958
8.9601e+012  1.6042
8.963e+012  1.6127
8.9659e+012  1.6211
8.9688e+012  1.6294
8.9716e+012  1.6376
8.9745e+012  1.6458
8.9774e+012  1.654
8.9803e+012  1.6622
8.9832e+012  1.6703
8.9861e+012  1.6785
8.989e+012  1.6867
8.9918e+012  1.6949
8.9947e+012  1.703
8.9976e+012  1.7102
9.0005e+012  1.7164
9.0034e+012  1.7226
9.0063e+012  1.7287
9.0091e+012  1.7349
9.012e+012  1.7411
9.0149e+012  1.7473
9.0178e+012  1.7534
9.0207e+012  1.7596
9.0236e+012  1.7658
9.0265e+012  1.7719
9.0293e+012  1.7781
9.0322e+012  1.7842
9.0351e+012  1.7904
9.038e+012  1.7965
9.0409e+012  1.8026
9.0438e+012  1.8088
9.0466e+012  1.8149
9.0495e+012  1.821
9.0524e+012  1.8271
9.0553e+012  1.8332
9.0582e+012  1.8394
9.0611e+012  1.8455
9.0639e+012  1.8516
9.0668e+012  1.8577
9.0697e+012  1.8638
9.0726e+012  1.8699
9.0755e+012  1.8759
9.0784e+012  1.882
9.0813e+012  1.8881
9.0841e+012  1.8942
9.087e+012  1.9003
9.0899e+012  1.9063
9.0928e+012  1.9124
9.0957e+012  1.9185
9.0986e+012  1.9245
9.1014e+012  1.9306
9.1043e+012  1.9366
9.1072e+012  1.9427
9.1101e+012  1.9487
9.113e+012  1.9547
9.1159e+012  1.9608
9.1188e+012  1.9668
9.1216e+012  1.9728
9.1245e+012  1.9789
9.1274e+012  1.9849
9.1303e+012  1.9909
9.1332e+012  1.9969
9.1361e+012  2.0029
9.1389e+012  2.0089
9.1418e+012  2.0149
9.1447e+012  2.0206
9.1476e+012  2.0247
9.1505e+012  2.0288
9.1534e+012  2.0328
9.1562e+012  2.0369
9.1591e+012  2.041
9.162e+012  2.045
9.1649e+012  2.0491
9.1678e+012  2.0532
9.1707e+012  2.0572
9.1736e+012  2.0613
9.1764e+012  2.0653
9.1793e+012  2.0694
9.1822e+012  2.0734
9.1851e+012  2.0775
9.188e+012  2.0815
9.1909e+012  2.0855
9.1937e+012  2.0896
9.1966e+012  2.0936
9.1995e+012  2.0976
9.2024e+012  2.1017
9.2053e+012  2.1057
9.2082e+012  2.1097
9.2111e+012  2.1137
9.2139e+012  2.1178
9.2168e+012  2.1218
9.2197e+012  2.1258
9.2226e+012  2.1298
9.2255e+012  2.1338
9.2284e+012  2.1378
9.2312e+012  2.1418
9.2341e+012  2.1458
9.237e+012  2.1498
9.2399e+012  2.1538
9.2428e+012  2.1578
9.2457e+012  2.1618
9.2485e+012  2.1658
9.2514e+012  2.1698
9.2543e+012  2.1738
9.2572e+012  2.1777
9.2601e+012  2.1817
9.263e+012  2.1857
9.2659e+012  2.1897
9.2687e+012  2.1936
9.2716e+012  2.1976
9.2745e+012  2.2016
9.2774e+012  2.2055
9.2803e+012  2.2095
9.2832e+012  2.2135
9.286e+012  2.2174
9.2889e+012  2.2214
9.2918e+012  2.2253
9.2947e+012  2.2292
9.2976e+012  2.2322
9.3005e+012  2.2351
9.3034e+012  2.2381
9.3062e+012  2.241
9.3091e+012  2.244
9.312e+012  2.2469
9.3149e+012  2.2499
9.3178e+012  2.2529
9.3207e+012  2.2558
9.3235e+012  2.2587
9.3264e+012  2.2617
9.3293e+012  2.2646
9.3322e+012  2.2676
9.3351e+012  2.2705
9.338e+012  2.2735
9.3408e+012  2.2764
9.3437e+012  2.2793
9.3466e+012  2.2823
9.3495e+012  2.2852
9.3524e+012  2.2881
9.3553e+012  2.291
9.3582e+012  2.294
9.361e+012  2.2969
9.3639e+012  2.2998
9.3668e+012  2.3027
9.3697e+012  2.3056
9.3726e+012  2.3086
9.3755e+012  2.3115
9.3783e+012  2.3144
9.3812e+012  2.3173
9.3841e+012  2.3202
9.387e+012  2.3231
9.3899e+012  2.326
9.3928e+012  2.3289
9.3957e+012  2.3318
9.3985e+012  2.3347
9.4014e+012  2.3376
9.4043e+012  2.3405
9.4072e+012  2.3434
9.4101e+012  2.3463
9.413e+012  2.3492
9.4158e+012  2.3521
9.4187e+012  2.355
9.4216e+012  2.3579
9.4245e+012  2.3607
9.4274e+012  2.3636
9.4303e+012  2.3665
9.4331e+012  2.3694
9.436e+012  2.3723
9.4389e+012  2.3751
9.4418e+012  2.378
9.4447e+012  2.3807
9.4476e+012  2.3829
9.4505e+012  2.3851
9.4533e+012  2.3874
9.4562e+012  2.3896
9.4591e+012  2.3918
9.462e+012  2.394
9.4649e+012  2.3963
9.4678e+012  2.3985
9.4706e+012  2.4007
9.4735e+012  2.4029
9.4764e+012  2.4051
9.4793e+012  2.4073
9.4822e+012  2.4096
9.4851e+012  2.4118
9.488e+012  2.414
9.4908e+012  2.4162
9.4937e+012  2.4184
9.4966e+012  2.4206
9.4995e+012  2.4228
9.5024e+012  2.425
9.5053e+012  2.4272
9.5081e+012  2.4294
9.511e+012  2.4316
9.5139e+012  2.4338
9.5168e+012  2.436
9.5197e+012  2.4382
9.5226e+012  2.4404
9.5254e+012  2.4426
9.5283e+012  2.4448
9.5312e+012  2.447
9.5341e+012  2.4492
9.537e+012  2.4513
9.5399e+012  2.4535
9.5428e+012  2.4557
9.5456e+012  2.4579
9.5485e+012  2.4601
9.5514e+012  2.4623
9.5543e+012  2.4644
9.5572e+012  2.4666
9.5601e+012  2.4688
9.5629e+012  2.471
9.5658e+012  2.4732
9.5687e+012  2.4753
9.5716e+012  2.4775
9.5745e+012  2.4797
9.5774e+012  2.4818
9.5803e+012  2.484
9.5831e+012  2.4862
9.586e+012  2.4883
9.5889e+012  2.4905
9.5918e+012  2.4927
9.5947e+012  2.4948
9.5976e+012  2.4965
9.6004e+012  2.4981
9.6033e+012  2.4997
9.6062e+012  2.5013
9.6091e+012  2.503
9.612e+012  2.5046
9.6149e+012  2.5062
9.6177e+012  2.5078
9.6206e+012  2.5094
9.6235e+012  2.511
9.6264e+012  2.5127
9.6293e+012  2.5143
9.6322e+012  2.5159
9.6351e+012  2.5175
9.6379e+012  2.5191
9.6408e+012  2.5207
9.6437e+012  2.5223
9.6466e+012  2.5239
9.6495e+012  2.5255
9.6524e+012  2.5271
9.6552e+012  2.5287
9.6581e+012  2.5303
9.661e+012  2.5319
9.6639e+012  2.5335
9.6668e+012  2.5351
9.6697e+012  2.5367
9.6726e+012  2.5383
9.6754e+012  2.5399
9.6783e+012  2.5415
9.6812e+012  2.5431
9.6841e+012  2.5447
9.687e+012  2.5463
9.6899e+012  2.5479
9.6927e+012  2.5495
9.6956e+012  2.551
9.6985e+012  2.5526
9.7014e+012  2.5542
9.7043e+012  2.5558
9.7072e+012  2.5574
9.71e+012  2.559
9.7129e+012  2.5606
9.7158e+012  2.5621
9.7187e+012  2.5637
9.7216e+012  2.5653
9.7245e+012  2.5669
9.7274e+012  2.5685
9.7302e+012  2.57
9.7331e+012  2.5716
9.736e+012  2.5732
9.7389e+012  2.5748
9.7418e+012  2.5763
9.7447e+012  2.5779
9.7475e+012  2.5795
9.7504e+012  2.581
9.7533e+012  2.5826
9.7562e+012  2.5842
9.7591e+012  2.5858
9.762e+012  2.5873
9.7649e+012  2.5889
9.7677e+012  2.5905
9.7706e+012  2.592
9.7735e+012  2.5936
9.7764e+012  2.5951
9.7793e+012  2.5967
9.7822e+012  2.5983
9.785e+012  2.5998
9.7879e+012  2.6014
9.7908e+012  2.6029
9.7937e+012  2.6045
9.7966e+012  2.6061
9.7995e+012  2.6076
9.8023e+012  2.6092
9.8052e+012  2.6107
9.8081e+012  2.6123
9.811e+012  2.6138
9.8139e+012  2.6154
9.8168e+012  2.6169
9.8197e+012  2.6185
9.8225e+012  2.62
9.8254e+012  2.6216
9.8283e+012  2.6231
9.8312e+012  2.6247
9.8341e+012  2.6262
9.837e+012  2.6277
9.8398e+012  2.6293
9.8427e+012  2.6308
9.8456e+012  2.6324
9.8485e+012  2.6339
9.8514e+012  2.6354
9.8543e+012  2.637
9.8572e+012  2.6385
9.86e+012  2.6401
9.8629e+012  2.6416
9.8658e+012  2.6431
9.8687e+012  2.6447
9.8716e+012  2.6462
9.8745e+012  2.6477
9.8773e+012  2.6493
9.8802e+012  2.6508
9.8831e+012  2.6523
9.886e+012  2.6538
9.8889e+012  2.6554
9.8918e+012  2.6569
9.8946e+012  2.6584
9.8975e+012  2.6597
9.9004e+012  2.6608
9.9033e+012  2.6619
9.9062e+012  2.663
9.9091e+012  2.6641
9.912e+012  2.6652
9.9148e+012  2.6663
9.9177e+012  2.6674
9.9206e+012  2.6685
9.9235e+012  2.6696
9.9264e+012  2.6707
9.9293e+012  2.6718
9.9321e+012  2.6729
9.935e+012  2.6739
9.9379e+012  2.675
9.9408e+012  2.6761
9.9437e+012  2.6772
9.9466e+012  2.6783
9.9495e+012  2.6794
9.9523e+012  2.6805
9.9552e+012  2.6816
9.9581e+012  2.6827
9.961e+012  2.6838
9.9639e+012  2.6848
9.9668e+012  2.6859
9.9696e+012  2.687
9.9725e+012  2.6881
9.9754e+012  2.6892
9.9783e+012  2.6903
9.9812e+012  2.6913
9.9841e+012  2.6924
9.9869e+012  2.6935
9.9898e+012  2.6946
9.9927e+012  2.6957
9.9956e+012  2.6968
9.9985e+012  2.6978
1.0001e+013  2.6989
1.0004e+013  2.7
1.0007e+013  2.7011
1.001e+013  2.7021
1.0013e+013  2.7032
1.0016e+013  2.7043
1.0019e+013  2.7054
1.0022e+013  2.7064
1.0024e+013  2.7075
1.0027e+013  2.7086
1.003e+013  2.7097
1.0033e+013  2.7107
1.0036e+013  2.7118
1.0039e+013  2.7129
1.0042e+013  2.7139
1.0045e+013  2.715
1.0048e+013  2.7161
1.005e+013  2.7172
1.0053e+013  2.7182
1.0056e+013  2.7193
1.0059e+013  2.7204
1.0062e+013  2.7214
1.0065e+013  2.7225
1.0068e+013  2.7236
1.0071e+013  2.7246
1.0073e+013  2.7257
1.0076e+013  2.7267
1.0079e+013  2.7278
1.0082e+013  2.7289
1.0085e+013  2.7299
1.0088e+013  2.731
1.0091e+013  2.732
1.0094e+013  2.7331
1.0097e+013  2.7342
1.0099e+013  2.7352
1.0102e+013  2.7363
1.0105e+013  2.7373
1.0108e+013  2.7384
1.0111e+013  2.7394
1.0114e+013  2.7405
1.0117e+013  2.7416
1.012e+013  2.7426
1.0123e+013  2.7437
1.0125e+013  2.7447
1.0128e+013  2.7458
1.0131e+013  2.7468
1.0134e+013  2.7479
1.0137e+013  2.7489
1.014e+013  2.75
1.0143e+013  2.751
1.0146e+013  2.7521
1.0148e+013  2.7531
1.0151e+013  2.7542
1.0154e+013  2.7552
1.0157e+013  2.7563
1.016e+013  2.7573
1.0163e+013  2.7583
1.0166e+013  2.7594
1.0169e+013  2.7604
1.0172e+013  2.7615
1.0174e+013  2.7625
1.0177e+013  2.7636
1.018e+013  2.7646
1.0183e+013  2.7656
1.0186e+013  2.7667
1.0189e+013  2.7677
1.0192e+013  2.7688
1.0195e+013  2.7698
1.0198e+013  2.7706
1.02e+013  2.7714
1.0203e+013  2.7722
1.0206e+013  2.773
1.0209e+013  2.7738
1.0212e+013  2.7746
1.0215e+013  2.7754
1.0218e+013  2.7762
1.0221e+013  2.777
1.0223e+013  2.7778
1.0226e+013  2.7786
1.0229e+013  2.7794
1.0232e+013  2.7802
1.0235e+013  2.781
1.0238e+013  2.7818
1.0241e+013  2.7826
1.0244e+013  2.7834
1.0247e+013  2.7842
1.0249e+013  2.785
1.0252e+013  2.7858
1.0255e+013  2.7866
1.0258e+013  2.7874
1.0261e+013  2.7882
1.0264e+013  2.789
1.0267e+013  2.7898
1.027e+013  2.7906
1.0273e+013  2.7913
1.0275e+013  2.7921
1.0278e+013  2.7929
1.0281e+013  2.7937
1.0284e+013  2.7945
1.0287e+013  2.7953
1.029e+013  2.7961
1.0293e+013  2.7969
1.0296e+013  2.7976
1.0298e+013  2.7984
1.0301e+013  2.7992
1.0304e+013  2.8
1.0307e+013  2.8008
1.031e+013  2.8016
1.0313e+013  2.8024
1.0316e+013  2.8031
1.0319e+013  2.8039
1.0322e+013  2.8047
1.0324e+013  2.8055
1.0327e+013  2.8063
1.033e+013  2.8071
1.0333e+013  2.8078
1.0336e+013  2.8086
1.0339e+013  2.8094
1.0342e+013  2.8102
1.0345e+013  2.811
1.0347e+013  2.8117
1.035e+013  2.8125
1.0353e+013  2.8133
1.0356e+013  2.8141
1.0359e+013  2.8149
1.0362e+013  2.8156
1.0365e+013  2.8164
1.0368e+013  2.8172
1.0371e+013  2.818
1.0373e+013  2.8187
1.0376e+013  2.8195
1.0379e+013  2.8203
1.0382e+013  2.8211
1.0385e+013  2.8218
1.0388e+013  2.8226
1.0391e+013  2.8234
1.0394e+013  2.8241
1.0397e+013  2.8249
1.0399e+013  2.8257
1.0402e+013  2.8265
1.0405e+013  2.8272
1.0408e+013  2.828
1.0411e+013  2.8288
1.0414e+013  2.8295
1.0417e+013  2.8303
1.042e+013  2.8311
1.0422e+013  2.8318
1.0425e+013  2.8326
1.0428e+013  2.8334
1.0431e+013  2.8341
1.0434e+013  2.8349
1.0437e+013  2.8357
1.044e+013  2.8364
1.0443e+013  2.8372
1.0446e+013  2.838
1.0448e+013  2.8387
1.0451e+013  2.8395
1.0454e+013  2.8403
1.0457e+013  2.841
1.046e+013  2.8418
1.0463e+013  2.8426
1.0466e+013  2.8433
1.0469e+013  2.8441
1.0472e+013  2.8448
1.0474e+013  2.8456
1.0477e+013  2.8464
1.048e+013  2.8471
1.0483e+013  2.8479
1.0486e+013  2.8486
1.0489e+013  2.8494
1.0492e+013  2.8501
1.0495e+013  2.8509
1.0497e+013  2.8515
1.05e+013  2.8522
1.0503e+013  2.8528
1.0506e+013  2.8534
1.0509e+013  2.854
1.0512e+013  2.8546
1.0515e+013  2.8552
1.0518e+013  2.8558
1.0521e+013  2.8565
1.0523e+013  2.8571
1.0526e+013  2.8577
1.0529e+013  2.8583
1.0532e+013  2.8589
1.0535e+013  2.8595
1.0538e+013  2.8601
1.0541e+013  2.8607
1.0544e+013  2.8614
1.0547e+013  2.862
1.0549e+013  2.8626
1.0552e+013  2.8632
1.0555e+013  2.8638
1.0558e+013  2.8644
1.0561e+013  2.865
1.0564e+013  2.8656
1.0567e+013  2.8662
1.057e+013  2.8668
1.0572e+013  2.8674
1.0575e+013  2.868
1.0578e+013  2.8687
1.0581e+013  2.8693
1.0584e+013  2.8699
1.0587e+013  2.8705
1.059e+013  2.8711
1.0593e+013  2.8717
1.0596e+013  2.8723
1.0598e+013  2.8729
1.0601e+013  2.8735
1.0604e+013  2.8741
1.0607e+013  2.8747
1.061e+013  2.8753
1.0613e+013  2.8759
1.0616e+013  2.8765
1.0619e+013  2.8771
1.0622e+013  2.8777
1.0624e+013  2.8783
1.0627e+013  2.8789
1.063e+013  2.8795
1.0633e+013  2.8801
1.0636e+013  2.8807
1.0639e+013  2.8813
1.0642e+013  2.8819
1.0645e+013  2.8825
1.0647e+013  2.8831
1.065e+013  2.8837
1.0653e+013  2.8843
1.0656e+013  2.8849
1.0659e+013  2.8855
1.0662e+013  2.8861
1.0665e+013  2.8867
1.0668e+013  2.8873
1.0671e+013  2.8879
1.0673e+013  2.8885
1.0676e+013  2.8891
1.0679e+013  2.8897
1.0682e+013  2.8903
1.0685e+013  2.8909
1.0688e+013  2.8915
1.0691e+013  2.8921
1.0694e+013  2.8927
1.0697e+013  2.8932
1.0699e+013  2.8938
1.0702e+013  2.8944
1.0705e+013  2.895
1.0708e+013  2.8956
1.0711e+013  2.8962
1.0714e+013  2.8968
1.0717e+013  2.8974
1.072e+013  2.898
1.0722e+013  2.8986
1.0725e+013  2.8992
1.0728e+013  2.8998
1.0731e+013  2.9003
1.0734e+013  2.9009
1.0737e+013  2.9015
1.074e+013  2.9021
1.0743e+013  2.9027
1.0746e+013  2.9033
1.0748e+013  2.9039
1.0751e+013  2.9045
1.0754e+013  2.905
1.0757e+013  2.9056
1.076e+013  2.9062
1.0763e+013  2.9068
1.0766e+013  2.9074
1.0769e+013  2.908
1.0771e+013  2.9086
1.0774e+013  2.9092
1.0777e+013  2.9097
1.078e+013  2.9103
1.0783e+013  2.9109
1.0786e+013  2.9115
1.0789e+013  2.9121
1.0792e+013  2.9127
1.0795e+013  2.9132
1.0797e+013  2.9136
1.08e+013  2.9141
1.0803e+013  2.9145
1.0806e+013  2.915
1.0809e+013  2.9154
1.0812e+013  2.9158
1.0815e+013  2.9163
1.0818e+013  2.9167
1.0821e+013  2.9172
1.0823e+013  2.9176
1.0826e+013  2.9181
1.0829e+013  2.9185
1.0832e+013  2.9189
1.0835e+013  2.9194
1.0838e+013  2.9198
1.0841e+013  2.9203
1.0844e+013  2.9207
1.0846e+013  2.9212
1.0849e+013  2.9216
1.0852e+013  2.922
1.0855e+013  2.9225
1.0858e+013  2.9229
1.0861e+013  2.9234
1.0864e+013  2.9238
1.0867e+013  2.9242
1.087e+013  2.9247
1.0894e+013  2.9283
1.1028e+013  2.9484
1.1162e+013  2.968
1.1296e+013  2.9872
1.143e+013  3.0038
1.1565e+013  3.0178
1.1699e+013  3.0314
1.1833e+013  3.0447
1.1967e+013  3.0577
1.2101e+013  3.0675
1.2235e+013  3.0769
1.237e+013  3.0861
1.2504e+013  3.0951
1.2638e+013  3.1034
1.2772e+013  3.1107
1.2906e+013  3.118
1.304e+013  3.125
1.3175e+013  3.1311
1.3309e+013  3.137
1.3443e+013  3.1428
1.3577e+013  3.1484
1.3711e+013  3.154
1.3845e+013  3.159
1.398e+013  3.1633
1.4114e+013  3.1676
1.4248e+013  3.1717
1.4382e+013  3.1758
1.4516e+013  3.161
1.465e+013  3.1668
1.4785e+013  3.1725
1.4919e+013  3.1781
1.5053e+013  3.1836
1.5187e+013  3.189
1.5321e+013  3.1943
1.5455e+013  3.1995
1.559e+013  3.2046
1.5724e+013  3.1886
1.5858e+013  3.1906
1.5992e+013  3.1926
1.6126e+013  3.1946
1.626e+013  3.1965
1.6395e+013  3.1984
1.6529e+013  3.2003
1.6663e+013  3.2022
1.6797e+013  3.204
1.6931e+013  3.2058
1.7065e+013  3.2075
1.72e+013  3.2092
1.7334e+013  3.2109
1.7468e+013  3.2126
1.7602e+013  3.2143
1.7736e+013  3.2159
1.787e+013  3.2175
1.8005e+013  3.2191
1.8139e+013  3.2206
1.8273e+013  3.2221
1.8407e+013  3.2236
1.8541e+013  3.2251
1.8675e+013  3.2266
1.881e+013  3.228
1.8944e+013  3.2295
1.9078e+013  3.2309
1.9212e+013  3.2323
1.9346e+013  3.2336
1.948e+013  3.2346
1.9615e+013  3.2355
1.9749e+013  3.2365
1.9883e+013  3.2374
2.0017e+013  3.2384
2.0151e+013  3.2393
2.0285e+013  3.2402
2.042e+013  3.241
2.0554e+013  3.2419
2.0688e+013  3.2428
2.0822e+013  3.2436
2.0956e+013  3.2445
2.109e+013  3.2453
2.1225e+013  3.2461
2.1359e+013  3.2469
2.1493e+013  3.2477
2.1627e+013  3.2485
2.1761e+013  3.2493
2.1895e+013  3.2499
2.203e+013  3.2506
2.2164e+013  3.2512
2.2298e+013  3.2518
2.2432e+013  3.2524
2.2566e+013  3.253
2.2701e+013  3.2536
2.2835e+013  3.2542
2.2969e+013  3.2548
2.3103e+013  3.2553
2.3237e+013  3.2559
2.3371e+013  3.2565
2.3506e+013  3.257
2.364e+013  3.2576
2.3774e+013  3.2581
2.3908e+013  3.2586
2.4042e+013  3.2592
2.4176e+013  3.2597
2.4311e+013  3.2601
2.4445e+013  3.2606
2.4579e+013  3.261
2.4713e+013  3.2614
2.4847e+013  3.2619
2.4981e+013  3.2623
2.5116e+013  3.2627
2.525e+013  3.2631
2.5384e+013  3.2635
2.5518e+013  3.264
2.5652e+013  3.2644
2.5786e+013  3.2648
2.5921e+013  3.2652
2.6055e+013  3.2655
2.6189e+013  3.2659
2.6323e+013  3.2663
2.6457e+013  3.2667
2.6591e+013  3.2671
2.6726e+013  3.2674
2.686e+013  3.2677
2.6994e+013  3.2681
2.7128e+013  3.2684
2.7262e+013  3.2687
2.7396e+013  3.269
2.7531e+013  3.2694
2.7665e+013  3.2697
2.7799e+013  3.27
2.7933e+013  3.2703
2.8067e+013  3.2706
2.8201e+013  3.2709
2.8336e+013  3.2712
2.847e+013  3.2715
2.8604e+013  3.2718
2.8738e+013  3.2721
2.8872e+013  3.2724
2.9006e+013  3.2727
2.9141e+013  3.2729
2.9275e+013  3.2732
2.9409e+013  3.2734
2.9543e+013  3.2737
2.9677e+013  3.2739
2.9811e+013  3.2741
2.9946e+013  3.2744
3.008e+013  3.2746
3.0214e+013  3.2749
3.0348e+013  3.2751
3.0482e+013  3.2753
3.0616e+013  3.2755
3.0751e+013  3.2758
3.0885e+013  3.276
3.1019e+013  3.2762
3.1153e+013  3.2764
3.1287e+013  3.2767
3.1421e+013  3.2769
3.1556e+013  3.2771
3.169e+013  3.2773
3.1824e+013  3.2775
3.1958e+013  3.2777
3.2092e+013  3.2779
3.2226e+013  3.2781
3.2361e+013  3.2783
3.2495e+013  3.2784
3.2629e+013  3.2786
3.2763e+013  3.2788
3.2897e+013  3.279
3.3031e+013  3.2792
3.3166e+013  3.2794
3.33e+013  3.2796
3.3434e+013  3.2797
3.3568e+013  3.2799
3.3702e+013  3.2801
3.3836e+013  3.2803
3.3971e+013  3.2804
3.4105e+013  3.2806
3.4239e+013  3.2808
3.4373e+013  3.2809
3.4507e+013  3.2811
3.4641e+013  3.2813
3.4776e+013  3.2814
3.491e+013  3.2816
3.5044e+013  3.2817
3.5178e+013  3.2819
3.5312e+013  3.282
3.5446e+013  3.2822
3.5581e+013  3.2823
3.5715e+013  3.2825
3.5849e+013  3.2826
3.5983e+013  3.2828
3.6117e+013  3.2829
3.6251e+013  3.2831
3.6386e+013  3.2832
3.652e+013  3.2833
3.6654e+013  3.2835
3.6788e+013  3.2836
3.6922e+013  3.2837
3.7056e+013  3.2839
3.7191e+013  3.284
3.7325e+013  3.2841
3.7459e+013  3.2843
3.7593e+013  3.2844
3.7727e+013  3.2845
3.7861e+013  3.2846
3.7996e+013  3.2848
3.813e+013  3.2849
3.8264e+013  3.285
3.8398e+013  3.2851
3.8532e+013  3.2853
3.8666e+013  3.2854
3.8801e+013  3.2855
3.8935e+013  3.2856
3.9069e+013  3.2857
3.9203e+013  3.2858
3.9337e+013  3.286
3.9472e+013  3.2861
3.9606e+013  3.2862
3.974e+013  3.2863
3.9874e+013  3.2864
4.0008e+013  3.2865
4.0142e+013  3.2866
4.0277e+013  3.2867
4.0411e+013  3.2868
4.0545e+013  3.287
4.0679e+013  3.2871
4.0813e+013  3.2872
4.0947e+013  3.2873
4.1082e+013  3.2874
4.1216e+013  3.2875
4.135e+013  3.2876
4.1484e+013  3.2877
4.1618e+013  3.2878
4.1752e+013  3.2879
4.1887e+013  3.288
4.2021e+013  3.2881
4.2155e+013  3.2882
4.2289e+013  3.2883
4.2423e+013  3.2883
4.2557e+013  3.2884
4.2692e+013  3.2885
4.2826e+013  3.2886
4.296e+013  3.2887
4.3094e+013  3.2888
4.3228e+013  3.2889
4.3362e+013  3.289
4.3497e+013  3.2891
4.3631e+013  3.2892
4.3765e+013  3.2893
4.3899e+013  3.2894
4.4033e+013  3.2894
4.4167e+013  3.2895
4.4302e+013  3.2896
4.4436e+013  3.2897
4.457e+013  3.2898
4.4704e+013  3.2899
4.4838e+013  3.29
4.4972e+013  3.2901
4.5107e+013  3.2902
4.5241e+013  3.2903
4.5375e+013  3.2903
4.5509e+013  3.2904
4.5643e+013  3.2905
4.5777e+013  3.2906
4.5912e+013  3.2907
4.6046e+013  3.2908
4.618e+013  3.2908
4.6314e+013  3.2909
4.6448e+013  3.291
4.6582e+013  3.2911
4.6717e+013  3.2912
4.6851e+013  3.2912
4.6985e+013  3.2913
4.7119e+013  3.2914
4.7253e+013  3.2915
4.7387e+013  3.2916
4.7522e+013  3.2916
4.7656e+013  3.2917
4.779e+013  3.2918
4.7924e+013  3.2919
4.8058e+013  3.2919
4.8192e+013  3.292
4.8327e+013  3.2921
4.8461e+013  3.2922
4.8595e+013  3.2922
4.8729e+013  3.2923
4.8863e+013  3.2924
4.8997e+013  3.2925
4.9132e+013  3.2925
4.9266e+013  3.2926
4.94e+013  3.2927
4.9534e+013  3.2927
4.9668e+013  3.2928
4.9802e+013  3.2929
4.9937e+013  3.293
5.0071e+013  3.293
5.0205e+013  3.2931
5.0339e+013  3.2932
5.0473e+013  3.2932
5.0607e+013  3.2933
5.0742e+013  3.2934
5.0876e+013  3.2934
5.101e+013  3.2935
5.1144e+013  3.2936
5.1278e+013  3.2937
5.1412e+013  3.2937
5.1547e+013  3.2938
5.1681e+013  3.2939
5.1815e+013  3.2939
5.1949e+013  3.294
5.2083e+013  3.2941
5.2217e+013  3.2941
5.2352e+013  3.2942
5.2486e+013  3.2943
5.262e+013  3.2943
5.2754e+013  3.2944
5.2888e+013  3.2945
5.3022e+013  3.2945
5.3157e+013  3.2946
5.3291e+013  3.2946
5.3425e+013  3.2947
5.3559e+013  3.2947
5.3693e+013  3.2948
5.3827e+013  3.2948
5.3962e+013  3.2949
5.4096e+013  3.2949
5.423e+013  3.2949
5.4364e+013  3.295
5.4498e+013  3.295
5.4632e+013  3.2951
5.4767e+013  3.2951
5.4901e+013  3.2952
5.5035e+013  3.2952
5.5169e+013  3.2953
5.5303e+013  3.2953
5.5437e+013  3.2953
5.5572e+013  3.2954
5.5706e+013  3.2955
5.584e+013  3.2955
5.5974e+013  3.2956
5.6108e+013  3.2957
5.6242e+013  3.2958
5.6377e+013  3.2959
5.6511e+013  3.2959
5.6645e+013  3.296
5.6779e+013  3.2961
5.6913e+013  3.2962
5.7048e+013  3.2962
5.7182e+013  3.2963
5.7316e+013  3.2964
5.745e+013  3.2965
5.7584e+013  3.2965
5.7718e+013  3.2966
5.7853e+013  3.2967
5.7987e+013  3.2968
5.8121e+013  3.2968
5.8255e+013  3.2969
5.8389e+013  3.2969
5.8523e+013  3.297
5.8658e+013  3.2971
5.8792e+013  3.2971
5.8926e+013  3.2972
5.906e+013  3.2972
5.9194e+013  3.2973
5.9328e+013  3.2973
5.9463e+013  3.2974
5.9597e+013  3.2975
5.9731e+013  3.2975
5.9865e+013  3.2976
5.9999e+013  3.2976
6.0133e+013  3.2977
6.0268e+013  3.2977
6.0402e+013  3.2978
6.0536e+013  3.2978
6.067e+013  3.2979
6.0804e+013  3.2979
6.0938e+013  3.298
6.1073e+013  3.2981
6.1207e+013  3.2981
6.1341e+013  3.2982
6.1475e+013  3.2982
6.1609e+013  3.2983
6.1743e+013  3.2983
6.1878e+013  3.2984
6.2012e+013  3.2984
6.2146e+013  3.2985
6.228e+013  3.2986
6.2414e+013  3.2986
6.2548e+013  3.2987
6.2683e+013  3.2987
6.2817e+013  3.2988
6.2951e+013  3.2988
6.3085e+013  3.2989
6.3219e+013  3.2989
6.3353e+013  3.299
6.3488e+013  3.2991
6.3622e+013  3.2991
6.3756e+013  3.2992
6.389e+013  3.2992
6.4024e+013  3.2993
6.4158e+013  3.2993
6.4293e+013  3.2994
6.4427e+013  3.2994
6.4561e+013  3.2995
6.4695e+013  3.2996
6.4829e+013  3.2996
6.4963e+013  3.2997
6.5098e+013  3.2997
6.5232e+013  3.2998
6.5366e+013  3.2998
6.55e+013  3.2999
6.5634e+013  3.2999
6.5768e+013  3.3
6.5903e+013  3.3001
6.6037e+013  3.3001
6.6171e+013  3.3002
6.6305e+013  3.3002
6.6439e+013  3.3003
6.6573e+013  3.3003
6.6708e+013  3.3004
6.6842e+013  3.3004
6.6976e+013  3.3005
6.711e+013  3.3006
6.7244e+013  3.3006
6.7378e+013  3.3007
6.7513e+013  3.3007
6.7647e+013  3.3008
6.7781e+013  3.3008
6.7915e+013  3.3009
6.8049e+013  3.3009
6.8183e+013  3.301
6.8318e+013  3.301
6.8452e+013  3.3011
6.8586e+013  3.3011
6.872e+013  3.3012
6.8854e+013  3.3012
6.8988e+013  3.3013
6.9123e+013  3.3013
6.9257e+013  3.3014
6.9391e+013  3.3014
6.9525e+013  3.3015
6.9659e+013  3.3015
6.9793e+013  3.3016
6.9928e+013  3.3016
7.0062e+013  3.3017
7.0196e+013  3.3017
7.033e+013  3.3018
7.0464e+013  3.3018
7.0598e+013  3.3019
7.0733e+013  3.302
7.0867e+013  3.302
7.1001e+013  3.3021
7.1135e+013  3.3021
7.1269e+013  3.3022
7.1403e+013  3.3022
7.1538e+013  3.3023
7.1672e+013  3.3023
7.1806e+013  3.3024
7.194e+013  3.3025
7.2074e+013  3.3025
7.2208e+013  3.3026
7.2343e+013  3.3026
7.2477e+013  3.3027
7.2611e+013  3.3027
7.2745e+013  3.3028
7.2879e+013  3.3029
7.3013e+013  3.3029
7.3148e+013  3.303
7.3282e+013  3.303
7.3416e+013  3.3031
7.355e+013  3.3032
7.3684e+013  3.3032
7.3819e+013  3.3033
7.3953e+013  3.3033
7.4087e+013  3.3034
7.4221e+013  3.3035
7.4355e+013  3.3035
7.4489e+013  3.3036
7.4624e+013  3.3036
7.4758e+013  3.3037
7.4892e+013  3.3038
7.5026e+013  3.3038
7.516e+013  3.3039
7.5294e+013  3.3039
7.5429e+013  3.304
7.5563e+013  3.304
7.5697e+013  3.3041
7.5831e+013  3.3042
7.5965e+013  3.3042
7.6099e+013  3.3043
7.6234e+013  3.3043
7.6368e+013  3.3044
7.6502e+013  3.3044
7.6636e+013  3.3045
7.677e+013  3.3045
7.6904e+013  3.3046
7.7039e+013  3.3047
7.7173e+013  3.3047
7.7307e+013  3.3048
7.7441e+013  3.3048
7.7575e+013  3.3049
7.7709e+013  3.3049
7.7844e+013  3.305
7.7978e+013  3.305
7.8112e+013  3.3051
7.8246e+013  3.3051
7.838e+013  3.3052
7.8514e+013  3.3053
7.8649e+013  3.3053
7.8783e+013  3.3054
7.8917e+013  3.3054
7.9051e+013  3.3055
7.9185e+013  3.3055
7.9319e+013  3.3056
7.9454e+013  3.3056
7.9588e+013  3.3057
7.9722e+013  3.3057
7.9856e+013  3.3058
7.999e+013  3.3058
8.0124e+013  3.3059
8.0259e+013  3.3059
8.0393e+013  3.306
8.0527e+013  3.306
8.0661e+013  3.3061
8.0795e+013  3.3061
8.0929e+013  3.3062
8.1064e+013  3.3062
8.1198e+013  3.3063
8.1332e+013  3.3063
8.1466e+013  3.3064
8.16e+013  3.3064
8.1734e+013  3.3065
8.1869e+013  3.3065
8.2003e+013  3.3066
8.2137e+013  3.3066
8.2271e+013  3.3067
8.2405e+013  3.3067
8.2539e+013  3.3068
8.2674e+013  3.3068
8.2808e+013  3.3069
8.2942e+013  3.3069
8.3076e+013  3.307
8.321e+013  3.307
8.3344e+013  3.307
8.3479e+013  3.3071
8.3613e+013  3.3071
8.3747e+013  3.3072
8.3881e+013  3.3072
8.4015e+013  3.3073
8.4149e+013  3.3073
8.4284e+013  3.3074
8.4418e+013  3.3074
8.4552e+013  3.3075
8.4686e+013  3.3075
8.482e+013  3.3076
8.4954e+013  3.3076
8.5089e+013  3.3077
8.5223e+013  3.3078
8.5357e+013  3.3078
8.5491e+013  3.3079
8.5625e+013  3.308
8.5759e+013  3.308
8.5894e+013  3.3081
8.6028e+013  3.3081
8.6162e+013  3.3082
8.6296e+013  3.3083
8.643e+013  3.3083
8.6564e+013  3.3084
8.6699e+013  3.3084
8.6833e+013  3.3085
8.6967e+013  3.3086
8.7101e+013  3.3086
8.7235e+013  3.3087
8.7369e+013  3.3087
8.7504e+013  3.3088
8.7638e+013  3.3089
8.7772e+013  3.3089
8.7906e+013  3.309
8.804e+013  3.309
8.8174e+013  3.3091
8.8309e+013  3.3092
8.8443e+013  3.3092
8.8577e+013  3.3093
8.8711e+013  3.3093
8.8845e+013  3.3094
8.8979e+013  3.3094
8.9114e+013  3.3095
8.9248e+013  3.3096
8.9382e+013  3.3096
8.9516e+013  3.3097
8.965e+013  3.3097
8.9784e+013  3.3098
8.9919e+013  3.3098
9.0053e+013  3.3099
9.0187e+013  3.31
9.0321e+013  3.31
9.0455e+013  3.3101
9.059e+013  3.3101
9.0724e+013  3.3102
9.0858e+013  3.3102
9.0992e+013  3.3103
9.1126e+013  3.3103
9.126e+013  3.3104
9.1395e+013  3.3105
9.1529e+013  3.3105
9.1663e+013  3.3106
9.1797e+013  3.3106
9.1931e+013  3.3107
9.2065e+013  3.3107
9.22e+013  3.3108
9.2334e+013  3.3108
9.2468e+013  3.3109
9.2602e+013  3.3109
9.2736e+013  3.311
9.287e+013  3.311
9.3005e+013  3.3111
9.3139e+013  3.3112
9.3273e+013  3.3112
9.3407e+013  3.3113
9.3541e+013  3.3113
9.3675e+013  3.3114
9.381e+013  3.3114
9.3944e+013  3.3115
9.4078e+013  3.3115
9.4212e+013  3.3116
9.4346e+013  3.3116
9.448e+013  3.3117
9.4615e+013  3.3117
9.4749e+013  3.3118
9.4883e+013  3.3118
9.5017e+013  3.3119
9.5151e+013  3.3119
9.5285e+013  3.312
9.542e+013  3.312
9.5554e+013  3.3121
9.5688e+013  3.3121
9.5822e+013  3.3122
9.5956e+013  3.3122
9.609e+013  3.3123
9.6225e+013  3.3123
9.6359e+013  3.3124
9.6493e+013  3.3124
9.6627e+013  3.3125
9.6761e+013  3.3125
9.6895e+013  3.3126
9.703e+013  3.3127
9.7164e+013  3.3127
9.7298e+013  3.3128
9.7432e+013  3.3129
9.7566e+013  3.3129
9.77e+013  3.313
9.7835e+013  3.3131
9.7969e+013  3.3131
9.8103e+013  3.3132
9.8237e+013  3.3133
9.8371e+013  3.3133
9.8505e+013  3.3134
9.864e+013  3.3135
9.8774e+013  3.3135
9.8908e+013  3.3136
9.9042e+013  3.3137
9.9176e+013  3.3137
9.931e+013  3.3138
9.9445e+013  3.3139
9.9579e+013  3.3139
9.9713e+013  3.314
9.9847e+013  3.314
9.9981e+013  3.3141
1.0012e+014  3.3142
1.0025e+014  3.3142
1.0038e+014  3.3143
1.0052e+014  3.3144
1.0065e+014  3.3144
1.0079e+014  3.3145
1.0092e+014  3.3146
1.0105e+014  3.3146
1.0119e+014  3.3147
1.0132e+014  3.3147
1.0146e+014  3.3148
1.0159e+014  3.3149
1.0173e+014  3.3149
1.0186e+014  3.315
1.0199e+014  3.3151
1.0213e+014  3.3151
1.0226e+014  3.3152
1.024e+014  3.3152
1.0253e+014  3.3153
1.0266e+014  3.3154
1.028e+014  3.3154
1.0293e+014  3.3155
1.0307e+014  3.3155
1.032e+014  3.3156
1.0334e+014  3.3157
1.0347e+014  3.3157
1.036e+014  3.3158
1.0374e+014  3.3158
1.0387e+014  3.3159
1.0401e+014  3.316
1.0414e+014  3.316
1.0427e+014  3.3161
1.0441e+014  3.3161
1.0454e+014  3.3162
1.0468e+014  3.3163
1.0481e+014  3.3163
1.0495e+014  3.3164
1.0508e+014  3.3164
1.0521e+014  3.3165
1.0535e+014  3.3165
1.0548e+014  3.3166
1.0562e+014  3.3167
1.0575e+014  3.3167
1.0588e+014  3.3168
1.0602e+014  3.3168
1.0615e+014  3.3169
1.0629e+014  3.3169
1.0642e+014  3.317
1.0656e+014  3.3171
1.0669e+014  3.3171
1.0682e+014  3.3172
1.0696e+014  3.3172
1.0709e+014  3.3173
1.0723e+014  3.3173
1.0736e+014  3.3174
1.0749e+014  3.3175
1.0763e+014  3.3175
1.0776e+014  3.3176
1.079e+014  3.3176
1.0803e+014  3.3177
1.0817e+014  3.3177
1.083e+014  3.3178
1.0843e+014  3.3178
1.0857e+014  3.3179
1.087e+014  3.3179
1.0884e+014  3.318
1.0897e+014  3.3181
1.091e+014  3.3181
1.0924e+014  3.3182
1.0937e+014  3.3183
1.0951e+014  3.3184
1.0964e+014  3.3184
1.0978e+014  3.3185
1.0991e+014  3.3186
1.1004e+014  3.3187
1.1018e+014  3.3187
1.1031e+014  3.3188
1.1045e+014  3.3189
1.1058e+014  3.3189
1.1071e+014  3.319
1.1085e+014  3.3191
1.1098e+014  3.3192
1.1112e+014  3.3192
1.1125e+014  3.3193
1.1139e+014  3.3194
1.1152e+014  3.3194
1.1165e+014  3.3195
1.1179e+014  3.3196
1.1192e+014  3.3197
1.1206e+014  3.3197
1.1219e+014  3.3198
1.1232e+014  3.3199
1.1246e+014  3.3199
1.1259e+014  3.32
1.1273e+014  3.3201
1.1286e+014  3.3201
1.13e+014  3.3202
1.1313e+014  3.3203
1.1326e+014  3.3204
1.134e+014  3.3204
1.1353e+014  3.3205
1.1367e+014  3.3206
1.138e+014  3.3206
1.1393e+014  3.3207
1.1407e+014  3.3208
1.142e+014  3.3208
1.1434e+014  3.3209
1.1447e+014  3.321
1.1461e+014  3.321
1.1474e+014  3.3211
1.1487e+014  3.3212
1.1501e+014  3.3212
1.1514e+014  3.3213
1.1528e+014  3.3214
1.1541e+014  3.3214
1.1554e+014  3.3215
1.1568e+014  3.3216
1.1581e+014  3.3216
1.1595e+014  3.3217
1.1608e+014  3.3218
1.1622e+014  3.3218
1.1635e+014  3.3219
1.1648e+014  3.3219
1.1662e+014  3.322
1.1675e+014  3.3221
1.1689e+014  3.3221
1.1702e+014  3.3222
1.1715e+014  3.3223
1.1729e+014  3.3223
1.1742e+014  3.3224
1.1756e+014  3.3225
1.1769e+014  3.3225
1.1783e+014  3.3226
1.1796e+014  3.3226
1.1809e+014  3.3227
1.1823e+014  3.3228
1.1836e+014  3.3228
1.185e+014  3.3229
1.1863e+014  3.323
1.1876e+014  3.323
1.189e+014  3.3231
1.1903e+014  3.3231
1.1917e+014  3.3232
1.193e+014  3.3233
1.1944e+014  3.3233
1.1957e+014  3.3234
1.197e+014  3.3235
1.1984e+014  3.3235
1.1997e+014  3.3236
1.2011e+014  3.3236
1.2024e+014  3.3237
1.2037e+014  3.3238
1.2051e+014  3.3238
1.2064e+014  3.3239
1.2078e+014  3.3239
1.2091e+014  3.324
1.2105e+014  3.3241
1.2118e+014  3.3242
1.2131e+014  3.3242
1.2145e+014  3.3243
1.2158e+014  3.3244
1.2172e+014  3.3245
1.2185e+014  3.3246
1.2198e+014  3.3246
1.2212e+014  3.3247
1.2225e+014  3.3248
1.2239e+014  3.3249
1.2252e+014  3.325
1.2266e+014  3.325
1.2279e+014  3.3251
1.2292e+014  3.3252
1.2306e+014  3.3253
1.2319e+014  3.3253
1.2333e+014  3.3254
1.2346e+014  3.3255
1.2359e+014  3.3256
1.2373e+014  3.3257
1.2386e+014  3.3257
1.24e+014  3.3258
1.2413e+014  3.3259
1.2427e+014  3.326
1.244e+014  3.326
1.2453e+014  3.3261
1.2467e+014  3.3262
1.248e+014  3.3263
1.2494e+014  3.3263
1.2507e+014  3.3264
1.252e+014  3.3265
1.2534e+014  3.3266
1.2547e+014  3.3266
1.2561e+014  3.3267
1.2574e+014  3.3268
1.2588e+014  3.3269
1.2601e+014  3.3269
1.2614e+014  3.327
1.2628e+014  3.3271
1.2641e+014  3.3272
1.2655e+014  3.3272
1.2668e+014  3.3273
1.2681e+014  3.3274
1.2695e+014  3.3274
1.2708e+014  3.3275
1.2722e+014  3.3276
1.2735e+014  3.3277
1.2749e+014  3.3277
1.2762e+014  3.3278
1.2775e+014  3.3279
1.2789e+014  3.328
1.2802e+014  3.328
1.2816e+014  3.3281
1.2829e+014  3.3282
1.2842e+014  3.3282
1.2856e+014  3.3283
1.2869e+014  3.3284
1.2883e+014  3.3285
1.2896e+014  3.3285
1.291e+014  3.3286
1.2923e+014  3.3287
1.2936e+014  3.3287
1.295e+014  3.3288
1.2963e+014  3.3289
1.2977e+014  3.3289
1.299e+014  3.329
1.3003e+014  3.3291
1.3017e+014  3.3292
1.303e+014  3.3292
1.3044e+014  3.3293
1.3057e+014  3.3294
1.3071e+014  3.3294
1.3084e+014  3.3295
1.3097e+014  3.3296
1.3111e+014  3.3296
1.3124e+014  3.3297
1.3138e+014  3.3298
1.3151e+014  3.3298
1.3164e+014  3.3299
1.3178e+014  3.33
1.3191e+014  3.33
1.3205e+014  3.3301
1.3218e+014  3.3302
1.3232e+014  3.3302
1.3245e+014  3.3303
1.3258e+014  3.3304
1.3272e+014  3.3304
1.3285e+014  3.3305
1.3299e+014  3.3306
1.3312e+014  3.3307
1.3325e+014  3.3307
1.3339e+014  3.3308
1.3352e+014  3.3309
1.3366e+014  3.331
1.3379e+014  3.3311
1.3393e+014  3.3312
1.3406e+014  3.3313
1.3419e+014  3.3314
1.3433e+014  3.3314
1.3446e+014  3.3315
1.346e+014  3.3316
1.3473e+014  3.3317
1.3486e+014  3.3318
1.35e+014  3.3319
1.3513e+014  3.3319
1.3527e+014  3.332
1.354e+014  3.3321
1.3554e+014  3.3322
1.3567e+014  3.3323
1.358e+014  3.3324
1.3594e+014  3.3324
1.3607e+014  3.3325
1.3621e+014  3.3326
1.3634e+014  3.3327
1.3647e+014  3.3328
1.3661e+014  3.3329
1.3674e+014  3.3329
1.3688e+014  3.333
1.3701e+014  3.3331
1.3715e+014  3.3332
1.3728e+014  3.3333
1.3741e+014  3.3334
1.3755e+014  3.3334
1.3768e+014  3.3335
1.3782e+014  3.3336
1.3795e+014  3.3337
1.3808e+014  3.3338
1.3822e+014  3.3338
1.3835e+014  3.3339
1.3849e+014  3.334
1.3862e+014  3.3341
1.3876e+014  3.3342
1.3889e+014  3.3342
1.3902e+014  3.3343
1.3916e+014  3.3344
1.3929e+014  3.3345
1.3943e+014  3.3346
1.3956e+014  3.3346
1.3969e+014  3.3347
1.3983e+014  3.3348
1.3996e+014  3.3349
1.401e+014  3.335
1.4023e+014  3.335
1.4037e+014  3.3351
1.405e+014  3.3352
1.4063e+014  3.3353
1.4077e+014  3.3353
1.409e+014  3.3354
1.4104e+014  3.3355
1.4117e+014  3.3356
1.4131e+014  3.3357
1.4144e+014  3.3357
1.4157e+014  3.3358
1.4171e+014  3.3359
1.4184e+014  3.336
1.4198e+014  3.336
1.4211e+014  3.3361
1.4224e+014  3.3362
1.4238e+014  3.3363
1.4251e+014  3.3363
1.4265e+014  3.3364
1.4278e+014  3.3365
1.4292e+014  3.3366
1.4305e+014  3.3366
1.4318e+014  3.3367
1.4332e+014  3.3368
1.4345e+014  3.3369
1.4359e+014  3.3369
1.4372e+014  3.337
1.4385e+014  3.3371
1.4399e+014  3.3372
1.4412e+014  3.3372
1.4426e+014  3.3373
1.4439e+014  3.3374
1.4453e+014  3.3375
1.4466e+014  3.3375
1.4479e+014  3.3376
1.4493e+014  3.3377
