#f  k
4.6023e+011  0.0012093
5.0384e+011  0.001243
5.4745e+011  0.0012714
5.9106e+011  0.0012956
6.3467e+011  0.0012724
6.7827e+011  0.0012421
7.2188e+011  0.0012154
7.6549e+011  0.0011876
8.091e+011  0.0011559
8.5271e+011  0.0011275
8.9631e+011  0.0011018
9.3992e+011  0.0012288
9.8353e+011  0.0013562
1.0271e+012  0.0014646
1.0707e+012  0.0015598
1.1144e+012  0.0016474
1.158e+012  0.0017285
1.2016e+012  0.0018028
1.2452e+012  0.0018552
1.2888e+012  0.0019041
1.3324e+012  0.0019498
1.376e+012  0.0019926
1.4196e+012  0.0020327
1.4632e+012  0.0020705
1.5068e+012  0.0021012
1.5504e+012  0.0021079
1.594e+012  0.0021143
1.6376e+012  0.0021203
1.6813e+012  0.002126
1.7249e+012  0.0021314
1.7685e+012  0.0021366
1.8121e+012  0.0022404
1.8557e+012  0.002557
1.8993e+012  0.0028591
1.9429e+012  0.0031477
1.9865e+012  0.0034236
2.0301e+012  0.0037271
2.0737e+012  0.0040334
2.1173e+012  0.0041712
2.1609e+012  0.0041074
2.2046e+012  0.004046
2.2482e+012  0.0039871
2.2918e+012  0.0039304
2.3354e+012  0.0038758
2.379e+012  0.0038232
2.4226e+012  0.0037096
2.4662e+012  0.003549
2.5098e+012  0.003394
2.5534e+012  0.0032443
2.597e+012  0.0030996
2.6406e+012  0.0029597
2.6842e+012  0.0028243
2.7278e+012  0.0028673
2.7715e+012  0.0029951
2.8151e+012  0.0031189
2.8587e+012  0.0032389
2.9023e+012  0.0033553
2.9459e+012  0.0034683
2.9895e+012  0.003578
3.0331e+012  0.0036
3.0767e+012  0.0036
3.1203e+012  0.0036
3.1639e+012  0.0036
3.2075e+012  0.0036
3.2511e+012  0.0036
3.2948e+012  0.0036
3.3384e+012  0.0028886
3.382e+012  0.0030691
3.4256e+012  0.0032451
3.4692e+012  0.0034167
3.5128e+012  0.003584
3.5564e+012  0.0037472
3.6e+012  0.0038746
3.6436e+012  0.003258
3.6872e+012  0.0026559
3.7308e+012  0.0020679
3.7744e+012  0.0023056
3.818e+012  0.0030597
3.8617e+012  0.0037968
3.9053e+012  0.0044154
3.9489e+012  0.0045081
3.9925e+012  0.0045988
4.0361e+012  0.0046874
4.0797e+012  0.0047742
4.1233e+012  0.0048592
4.1669e+012  0.0049423
4.2105e+012  0.0048158
4.2541e+012  0.0041981
4.2977e+012  0.0039725
4.3413e+012  0.0045217
4.3849e+012  0.0050601
4.4286e+012  0.0055878
4.4722e+012  0.0061053
4.5158e+012  0.006732
4.5594e+012  0.0075087
4.603e+012  0.0082707
4.6466e+012  0.0090184
4.6902e+012  0.0097521
4.7338e+012  0.010472
4.7774e+012  0.011179
4.821e+012  0.01485
4.8646e+012  0.02096
4.9082e+012  0.026962
4.9519e+012  0.032858
4.9955e+012  0.038652
5.0391e+012  0.027786
5.0827e+012  0.016364
5.1263e+012  0.01247
5.1699e+012  0.012424
5.2135e+012  0.01238
5.2571e+012  0.012336
5.3007e+012  0.012293
5.3443e+012  0.01225
5.3879e+012  0.012208
5.4315e+012  0.012042
5.4751e+012  0.011847
5.5188e+012  0.011655
5.5624e+012  0.011466
5.606e+012  0.01128
5.6496e+012  0.011097
5.6932e+012  0.010916
5.7368e+012  0.021135
5.7804e+012  0.032229
5.824e+012  0.043158
5.8676e+012  0.053923
5.9112e+012  0.06453
5.9548e+012  0.074982
5.9984e+012  0.084482
6.0421e+012  0.073355
6.0857e+012  0.062388
6.1293e+012  0.051577
6.1729e+012  0.040919
6.2165e+012  0.030411
6.2601e+012  0.020049
6.3037e+012  0.01162
6.3473e+012  0.012343
6.3909e+012  0.013056
6.4345e+012  0.013759
6.4781e+012  0.014453
6.5217e+012  0.015137
6.5459e+012  0.015513
6.5488e+012  0.015557
6.5517e+012  0.015602
6.5545e+012  0.015646
6.5574e+012  0.015691
6.5603e+012  0.015735
6.5632e+012  0.01578
6.5661e+012  0.015824
6.569e+012  0.015869
6.5719e+012  0.015913
6.5747e+012  0.015957
6.5776e+012  0.016001
6.5805e+012  0.016046
6.5834e+012  0.01609
6.5863e+012  0.016134
6.5892e+012  0.016178
6.592e+012  0.016222
6.5949e+012  0.016266
6.5978e+012  0.01632
6.6007e+012  0.016406
6.6036e+012  0.016493
6.6065e+012  0.01658
6.6093e+012  0.016666
6.6122e+012  0.016752
6.6151e+012  0.016839
6.618e+012  0.016925
6.6209e+012  0.017011
6.6238e+012  0.017097
6.6267e+012  0.017183
6.6295e+012  0.017269
6.6324e+012  0.017355
6.6353e+012  0.017441
6.6382e+012  0.017527
6.6411e+012  0.017612
6.644e+012  0.017698
6.6468e+012  0.017783
6.6497e+012  0.017869
6.6526e+012  0.017954
6.6555e+012  0.018039
6.6584e+012  0.018124
6.6613e+012  0.01821
6.6642e+012  0.018295
6.667e+012  0.01838
6.6699e+012  0.018465
6.6728e+012  0.018549
6.6757e+012  0.018634
6.6786e+012  0.018719
6.6815e+012  0.018803
6.6843e+012  0.018888
6.6872e+012  0.018972
6.6901e+012  0.019057
6.693e+012  0.019141
6.6959e+012  0.019225
6.6988e+012  0.01931
6.7016e+012  0.019394
6.7045e+012  0.019478
6.7074e+012  0.019562
6.7103e+012  0.019646
6.7132e+012  0.019729
6.7161e+012  0.019813
6.719e+012  0.019897
6.7218e+012  0.01998
6.7247e+012  0.020064
6.7276e+012  0.020147
6.7305e+012  0.020231
6.7334e+012  0.020314
6.7363e+012  0.020397
6.7391e+012  0.02048
6.742e+012  0.020563
6.7449e+012  0.020647
6.7478e+012  0.020729
6.7507e+012  0.020812
6.7536e+012  0.020895
6.7565e+012  0.020978
6.7593e+012  0.021061
6.7622e+012  0.021143
6.7651e+012  0.021226
6.768e+012  0.021308
6.7709e+012  0.021391
6.7738e+012  0.021473
6.7766e+012  0.021555
6.7795e+012  0.021637
6.7824e+012  0.021719
6.7853e+012  0.021801
6.7882e+012  0.021883
6.7911e+012  0.021965
6.7939e+012  0.022047
6.7968e+012  0.022129
6.7997e+012  0.022211
6.8026e+012  0.022292
6.8055e+012  0.022374
6.8084e+012  0.022455
6.8113e+012  0.022537
6.8141e+012  0.022618
6.817e+012  0.022699
6.8199e+012  0.02278
6.8228e+012  0.022862
6.8257e+012  0.022943
6.8286e+012  0.023024
6.8314e+012  0.023105
6.8343e+012  0.023186
6.8372e+012  0.023266
6.8401e+012  0.023347
6.843e+012  0.023428
6.8459e+012  0.023508
6.8488e+012  0.023589
6.8516e+012  0.023669
6.8545e+012  0.02375
6.8574e+012  0.02383
6.8603e+012  0.02391
6.8632e+012  0.02399
6.8661e+012  0.024071
6.8689e+012  0.024151
6.8718e+012  0.024231
6.8747e+012  0.024311
6.8776e+012  0.02439
6.8805e+012  0.02447
6.8834e+012  0.02455
6.8862e+012  0.02463
6.8891e+012  0.024709
6.892e+012  0.024789
6.8949e+012  0.024868
6.8978e+012  0.025006
6.9007e+012  0.025184
6.9036e+012  0.025362
6.9064e+012  0.025539
6.9093e+012  0.025716
6.9122e+012  0.025893
6.9151e+012  0.02607
6.918e+012  0.026247
6.9209e+012  0.026424
6.9237e+012  0.0266
6.9266e+012  0.026776
6.9295e+012  0.026953
6.9324e+012  0.027129
6.9353e+012  0.027305
6.9382e+012  0.02748
6.9411e+012  0.027656
6.9439e+012  0.027831
6.9468e+012  0.028007
6.9497e+012  0.028182
6.9526e+012  0.028357
6.9555e+012  0.028532
6.9584e+012  0.028707
6.9612e+012  0.028881
6.9641e+012  0.029056
6.967e+012  0.02923
6.9699e+012  0.029404
6.9728e+012  0.029578
6.9757e+012  0.029752
6.9785e+012  0.029926
6.9814e+012  0.030099
6.9843e+012  0.030273
6.9872e+012  0.030446
6.9901e+012  0.030619
6.993e+012  0.030792
6.9959e+012  0.030965
6.9987e+012  0.031138
7.0016e+012  0.03131
7.0045e+012  0.031483
7.0074e+012  0.031655
7.0103e+012  0.031827
7.0132e+012  0.031999
7.016e+012  0.032171
7.0189e+012  0.032343
7.0218e+012  0.032515
7.0247e+012  0.032686
7.0276e+012  0.032857
7.0305e+012  0.033029
7.0334e+012  0.0332
7.0362e+012  0.033371
7.0391e+012  0.033541
7.042e+012  0.033712
7.0449e+012  0.033882
7.0478e+012  0.034053
7.0507e+012  0.034223
7.0535e+012  0.034393
7.0564e+012  0.034563
7.0593e+012  0.034733
7.0622e+012  0.034902
7.0651e+012  0.035072
7.068e+012  0.035241
7.0708e+012  0.03541
7.0737e+012  0.03558
7.0766e+012  0.035748
7.0795e+012  0.035917
7.0824e+012  0.036086
7.0853e+012  0.036255
7.0882e+012  0.036423
7.091e+012  0.036591
7.0939e+012  0.036759
7.0968e+012  0.036927
7.0997e+012  0.037095
7.1026e+012  0.037263
7.1055e+012  0.03743
7.1083e+012  0.037598
7.1112e+012  0.037765
7.1141e+012  0.037932
7.117e+012  0.038099
7.1199e+012  0.038266
7.1228e+012  0.038433
7.1257e+012  0.0386
7.1285e+012  0.038766
7.1314e+012  0.038933
7.1343e+012  0.039099
7.1372e+012  0.039265
7.1401e+012  0.039431
7.143e+012  0.039597
7.1458e+012  0.039762
7.1487e+012  0.039928
7.1516e+012  0.040093
7.1545e+012  0.040259
7.1574e+012  0.040424
7.1603e+012  0.040589
7.1631e+012  0.040754
7.166e+012  0.040919
7.1689e+012  0.041083
7.1718e+012  0.041248
7.1747e+012  0.041412
7.1776e+012  0.041576
7.1805e+012  0.04174
7.1833e+012  0.041904
7.1862e+012  0.042068
7.1891e+012  0.042232
7.192e+012  0.042395
7.1949e+012  0.042559
7.1978e+012  0.042956
7.2006e+012  0.043432
7.2035e+012  0.043907
7.2064e+012  0.044382
7.2093e+012  0.044856
7.2122e+012  0.04533
7.2151e+012  0.045804
7.218e+012  0.046277
7.2208e+012  0.04675
7.2237e+012  0.047223
7.2266e+012  0.047695
7.2295e+012  0.048167
7.2324e+012  0.048639
7.2353e+012  0.04911
7.2381e+012  0.04958
7.241e+012  0.050051
7.2439e+012  0.050521
7.2468e+012  0.05099
7.2497e+012  0.051459
7.2526e+012  0.051928
7.2554e+012  0.052397
7.2583e+012  0.052865
7.2612e+012  0.053333
7.2641e+012  0.0538
7.267e+012  0.054267
7.2699e+012  0.054733
7.2728e+012  0.0552
7.2756e+012  0.055666
7.2785e+012  0.056131
7.2814e+012  0.056596
7.2843e+012  0.057061
7.2872e+012  0.057525
7.2901e+012  0.057989
7.2929e+012  0.058453
7.2958e+012  0.058916
7.2987e+012  0.059379
7.3016e+012  0.059842
7.3045e+012  0.060304
7.3074e+012  0.060766
7.3103e+012  0.061227
7.3131e+012  0.061688
7.316e+012  0.062149
7.3189e+012  0.062609
7.3218e+012  0.06307
7.3247e+012  0.063529
7.3276e+012  0.063988
7.3304e+012  0.064447
7.3333e+012  0.064906
7.3362e+012  0.065364
7.3391e+012  0.065822
7.342e+012  0.066279
7.3449e+012  0.066737
7.3477e+012  0.067193
7.3506e+012  0.06765
7.3535e+012  0.068106
7.3564e+012  0.068562
7.3593e+012  0.069017
7.3622e+012  0.069472
7.3651e+012  0.069926
7.3679e+012  0.070381
7.3708e+012  0.070835
7.3737e+012  0.071288
7.3766e+012  0.071741
7.3795e+012  0.072194
7.3824e+012  0.072647
7.3852e+012  0.073099
7.3881e+012  0.073551
7.391e+012  0.074002
7.3939e+012  0.074453
7.3968e+012  0.074904
7.3997e+012  0.075354
7.4026e+012  0.075804
7.4054e+012  0.076254
7.4083e+012  0.076703
7.4112e+012  0.077152
7.4141e+012  0.077601
7.417e+012  0.078049
7.4199e+012  0.078497
7.4227e+012  0.078945
7.4256e+012  0.079392
7.4285e+012  0.079839
7.4314e+012  0.080285
7.4343e+012  0.080732
7.4372e+012  0.081177
7.44e+012  0.081623
7.4429e+012  0.082068
7.4458e+012  0.082513
7.4487e+012  0.082957
7.4516e+012  0.083401
7.4545e+012  0.083845
7.4574e+012  0.084289
7.4602e+012  0.084732
7.4631e+012  0.085175
7.466e+012  0.085617
7.4689e+012  0.086059
7.4718e+012  0.086501
7.4747e+012  0.086942
7.4775e+012  0.087383
7.4804e+012  0.087824
7.4833e+012  0.088264
7.4862e+012  0.088704
7.4891e+012  0.089144
7.492e+012  0.089583
7.4949e+012  0.090022
7.4977e+012  0.090937
7.5006e+012  0.092175
7.5035e+012  0.093412
7.5064e+012  0.094649
7.5093e+012  0.095884
7.5122e+012  0.097118
7.515e+012  0.098352
7.5179e+012  0.099584
7.5208e+012  0.10082
7.5237e+012  0.10205
7.5266e+012  0.10328
7.5295e+012  0.1045
7.5323e+012  0.10573
7.5352e+012  0.10696
7.5381e+012  0.10819
7.541e+012  0.10941
7.5439e+012  0.11063
7.5468e+012  0.11186
7.5497e+012  0.11308
7.5525e+012  0.1143
7.5554e+012  0.11552
7.5583e+012  0.11674
7.5612e+012  0.11796
7.5641e+012  0.11918
7.567e+012  0.12039
7.5698e+012  0.12161
7.5727e+012  0.12282
7.5756e+012  0.12404
7.5785e+012  0.12525
7.5814e+012  0.12646
7.5843e+012  0.12767
7.5872e+012  0.12888
7.59e+012  0.13009
7.5929e+012  0.1313
7.5958e+012  0.13251
7.5987e+012  0.13371
7.6016e+012  0.13492
7.6045e+012  0.13612
7.6073e+012  0.13733
7.6102e+012  0.13853
7.6131e+012  0.13973
7.616e+012  0.14093
7.6189e+012  0.14213
7.6218e+012  0.14333
7.6246e+012  0.14453
7.6275e+012  0.14573
7.6304e+012  0.14692
7.6333e+012  0.14812
7.6362e+012  0.14931
7.6391e+012  0.15051
7.642e+012  0.1517
7.6448e+012  0.15289
7.6477e+012  0.15601
7.6506e+012  0.15932
7.6535e+012  0.16262
7.6564e+012  0.16592
7.6593e+012  0.16922
7.6621e+012  0.17252
7.665e+012  0.17581
7.6679e+012  0.1791
7.6708e+012  0.18239
7.6737e+012  0.18568
7.6766e+012  0.18896
7.6795e+012  0.19224
7.6823e+012  0.19552
7.6852e+012  0.1988
7.6881e+012  0.20207
7.691e+012  0.20534
7.6939e+012  0.20861
7.6968e+012  0.21188
7.6996e+012  0.21515
7.7025e+012  0.21841
7.7054e+012  0.22167
7.7083e+012  0.22492
7.7112e+012  0.22818
7.7141e+012  0.23143
7.7169e+012  0.23468
7.7198e+012  0.23793
7.7227e+012  0.24117
7.7256e+012  0.24441
7.7285e+012  0.24765
7.7314e+012  0.25089
7.7343e+012  0.25413
7.7371e+012  0.25736
7.74e+012  0.26059
7.7429e+012  0.26382
7.7458e+012  0.26704
7.7487e+012  0.27027
7.7516e+012  0.27349
7.7544e+012  0.27671
7.7573e+012  0.27992
7.7602e+012  0.28314
7.7631e+012  0.28635
7.766e+012  0.28956
7.7689e+012  0.29276
7.7718e+012  0.29597
7.7746e+012  0.29917
7.7775e+012  0.30237
7.7804e+012  0.30556
7.7833e+012  0.30876
7.7862e+012  0.31195
7.7891e+012  0.31514
7.7919e+012  0.31833
7.7948e+012  0.32151
7.7977e+012  0.32654
7.8006e+012  0.33317
7.8035e+012  0.33981
7.8064e+012  0.34643
7.8092e+012  0.35305
7.8121e+012  0.35967
7.815e+012  0.36628
7.8179e+012  0.37288
7.8208e+012  0.37948
7.8237e+012  0.38608
7.8266e+012  0.39267
7.8294e+012  0.4022
7.8323e+012  0.41187
7.8352e+012  0.42153
7.8381e+012  0.43119
7.841e+012  0.44084
7.8439e+012  0.45048
7.8467e+012  0.46011
7.8496e+012  0.46974
7.8525e+012  0.47936
7.8554e+012  0.48898
7.8583e+012  0.50205
7.8612e+012  0.51511
7.8641e+012  0.52817
7.8669e+012  0.54122
7.8698e+012  0.55425
7.8727e+012  0.56728
7.8756e+012  0.5803
7.8785e+012  0.59331
7.8814e+012  0.60631
7.8842e+012  0.6193
7.8871e+012  0.6344
7.89e+012  0.65574
7.8929e+012  0.67707
7.8958e+012  0.69838
7.8987e+012  0.71968
7.9015e+012  0.74096
7.9044e+012  0.76222
7.9073e+012  0.78347
7.9102e+012  0.80471
7.9131e+012  0.82593
7.916e+012  0.84918
7.9189e+012  0.88427
7.9217e+012  0.91932
7.9246e+012  0.95435
7.9275e+012  0.98936
7.9304e+012  1.0243
7.9333e+012  1.0593
7.9362e+012  1.0942
7.939e+012  1.1291
7.9419e+012  1.164
7.9448e+012  1.1989
7.9477e+012  1.2592
7.9506e+012  1.3203
7.9535e+012  1.3814
7.9564e+012  1.4425
7.9592e+012  1.5035
7.9621e+012  1.5644
7.965e+012  1.6253
7.9679e+012  1.6862
7.9708e+012  1.747
7.9737e+012  1.8078
7.9765e+012  1.8685
7.9794e+012  1.9761
7.9823e+012  2.0847
7.9852e+012  2.1933
7.9881e+012  2.3017
7.991e+012  2.4101
7.9938e+012  2.5674
7.9967e+012  2.7355
7.9996e+012  2.9036
8.0025e+012  3.0715
8.0054e+012  3.2393
8.0083e+012  3.4671
8.0112e+012  3.7291
8.014e+012  3.9908
8.0169e+012  4.2523
8.0198e+012  4.5136
8.0227e+012  4.8356
8.0256e+012  5.2347
8.0285e+012  5.6335
8.0313e+012  6.0321
8.0342e+012  6.4304
8.0371e+012  6.8517
8.04e+012  7.3546
8.0429e+012  7.8571
8.0458e+012  8.3592
8.0487e+012  8.861
8.0515e+012  9.3624
8.0544e+012  9.7321
8.0573e+012  10.1
8.0602e+012  10.467
8.0631e+012  10.834
8.066e+012  11.2
8.0688e+012  11.341
8.0717e+012  11.398
8.0746e+012  11.455
8.0775e+012  11.512
8.0804e+012  11.569
8.0833e+012  11.54
8.0861e+012  11.408
8.089e+012  11.276
8.0919e+012  11.144
8.0948e+012  11.012
8.0977e+012  10.856
8.1006e+012  10.697
8.1035e+012  10.539
8.1063e+012  10.381
8.1092e+012  10.223
8.1121e+012  10.066
8.115e+012  9.908
8.1179e+012  9.7504
8.1208e+012  9.593
8.1236e+012  9.4357
8.1265e+012  9.2859
8.1294e+012  9.1569
8.1323e+012  9.0279
8.1352e+012  8.8991
8.1381e+012  8.7703
8.141e+012  8.6416
8.1438e+012  8.513
8.1467e+012  8.3845
8.1496e+012  8.2561
8.1525e+012  8.1278
8.1554e+012  7.9996
8.1583e+012  7.8849
8.1611e+012  7.782
8.164e+012  7.6792
8.1669e+012  7.5764
8.1698e+012  7.4737
8.1727e+012  7.3711
8.1756e+012  7.2685
8.1784e+012  7.166
8.1813e+012  7.0636
8.1842e+012  6.9613
8.1871e+012  6.8709
8.19e+012  6.7925
8.1929e+012  6.7142
8.1958e+012  6.6359
8.1986e+012  6.5577
8.2015e+012  6.4795
8.2044e+012  6.4014
8.2073e+012  6.3234
8.2102e+012  6.2454
8.2131e+012  6.1674
8.2159e+012  6.0975
8.2188e+012  6.0398
8.2217e+012  5.9822
8.2246e+012  5.9247
8.2275e+012  5.8672
8.2304e+012  5.8097
8.2333e+012  5.7522
8.2361e+012  5.6949
8.239e+012  5.6375
8.2419e+012  5.5802
8.2448e+012  5.5229
8.2477e+012  5.4684
8.2506e+012  5.4175
8.2534e+012  5.3667
8.2563e+012  5.316
8.2592e+012  5.2652
8.2621e+012  5.2146
8.265e+012  5.1639
8.2679e+012  5.1133
8.2707e+012  5.0627
8.2736e+012  5.0121
8.2765e+012  4.9627
8.2794e+012  4.919
8.2823e+012  4.8754
8.2852e+012  4.8318
8.2881e+012  4.7882
8.2909e+012  4.7446
8.2938e+012  4.7011
8.2967e+012  4.6576
8.2996e+012  4.6141
8.3025e+012  4.5706
8.3054e+012  4.5272
8.3082e+012  4.4895
8.3111e+012  4.4528
8.314e+012  4.4163
8.3169e+012  4.3797
8.3198e+012  4.3432
8.3227e+012  4.3067
8.3256e+012  4.2702
8.3284e+012  4.2337
8.3313e+012  4.1973
8.3342e+012  4.1609
8.3371e+012  4.1257
8.34e+012  4.0922
8.3429e+012  4.0588
8.3457e+012  4.0253
8.3486e+012  3.9919
8.3515e+012  3.9585
8.3544e+012  3.9251
8.3573e+012  3.8918
8.3602e+012  3.8585
8.363e+012  3.8252
8.3659e+012  3.7919
8.3688e+012  3.7622
8.3717e+012  3.7328
8.3746e+012  3.7033
8.3775e+012  3.674
8.3804e+012  3.6446
8.3832e+012  3.6152
8.3861e+012  3.5859
8.389e+012  3.5566
8.3919e+012  3.5273
8.3948e+012  3.498
8.3977e+012  3.469
8.4005e+012  3.4404
8.4034e+012  3.4118
8.4063e+012  3.3832
8.4092e+012  3.3547
8.4121e+012  3.3262
8.415e+012  3.2977
8.4179e+012  3.2692
8.4207e+012  3.2407
8.4236e+012  3.2122
8.4265e+012  3.1861
8.4294e+012  3.1618
8.4323e+012  3.1374
8.4352e+012  3.1131
8.438e+012  3.0888
8.4409e+012  3.0645
8.4438e+012  3.0403
8.4467e+012  3.016
8.4496e+012  2.9918
8.4525e+012  2.9676
8.4553e+012  2.9434
8.4582e+012  2.92
8.4611e+012  2.8967
8.464e+012  2.8735
8.4669e+012  2.8503
8.4698e+012  2.8271
8.4727e+012  2.8039
8.4755e+012  2.7808
8.4784e+012  2.7576
8.4813e+012  2.7345
8.4842e+012  2.7114
8.4871e+012  2.6883
8.49e+012  2.6653
8.4928e+012  2.6423
8.4957e+012  2.6193
8.4986e+012  2.5964
8.5015e+012  2.5734
8.5044e+012  2.5505
8.5073e+012  2.5276
8.5102e+012  2.5047
8.513e+012  2.4818
8.5159e+012  2.4589
8.5188e+012  2.4361
8.5217e+012  2.4133
8.5246e+012  2.3904
8.5275e+012  2.3676
8.5303e+012  2.3448
8.5332e+012  2.3221
8.5361e+012  2.2993
8.539e+012  2.2766
8.5419e+012  2.2539
8.5448e+012  2.2311
8.5476e+012  2.211
8.5505e+012  2.1909
8.5534e+012  2.1709
8.5563e+012  2.1509
8.5592e+012  2.1309
8.5621e+012  2.111
8.565e+012  2.091
8.5678e+012  2.0711
8.5707e+012  2.0511
8.5736e+012  2.0312
8.5765e+012  2.0113
8.5794e+012  1.9899
8.5823e+012  1.9683
8.5851e+012  1.9468
8.588e+012  1.9253
8.5909e+012  1.9038
8.5938e+012  1.8824
8.5967e+012  1.8609
8.5996e+012  1.8394
8.6024e+012  1.818
8.6053e+012  1.7966
8.6082e+012  1.7752
8.6111e+012  1.7538
8.614e+012  1.7324
8.6169e+012  1.7111
8.6198e+012  1.6897
8.6226e+012  1.6684
8.6255e+012  1.6471
8.6284e+012  1.6258
8.6313e+012  1.6045
8.6342e+012  1.5832
8.6371e+012  1.5616
8.6399e+012  1.5394
8.6428e+012  1.5172
8.6457e+012  1.495
8.6486e+012  1.4728
8.6515e+012  1.4506
8.6544e+012  1.4285
8.6573e+012  1.4064
8.6601e+012  1.3843
8.663e+012  1.3622
8.6659e+012  1.3401
8.6688e+012  1.3161
8.6717e+012  1.2922
8.6746e+012  1.2682
8.6774e+012  1.2443
8.6803e+012  1.2203
8.6832e+012  1.1964
8.6861e+012  1.1726
8.689e+012  1.1487
8.6919e+012  1.1248
8.6947e+012  1.101
8.6976e+012  1.0764
8.7005e+012  1.0513
8.7034e+012  1.0262
8.7063e+012  1.0011
8.7092e+012  0.97596
8.7121e+012  0.95089
8.7149e+012  0.92583
8.7178e+012  0.90078
8.7207e+012  0.87576
8.7236e+012  0.85075
8.7265e+012  0.82572
8.7294e+012  0.79744
8.7322e+012  0.76918
8.7351e+012  0.74094
8.738e+012  0.71271
8.7409e+012  0.68451
8.7438e+012  0.65632
8.7467e+012  0.62815
8.7496e+012  0.6
8.7524e+012  0.57187
8.7553e+012  0.54662
8.7582e+012  0.5283
8.7611e+012  0.50998
8.764e+012  0.49168
8.7669e+012  0.47339
8.7697e+012  0.45511
8.7726e+012  0.43684
8.7755e+012  0.41858
8.7784e+012  0.40034
8.7813e+012  0.38211
8.7842e+012  0.36389
8.787e+012  0.3512
8.7899e+012  0.34186
8.7928e+012  0.33254
8.7957e+012  0.32322
8.7986e+012  0.31391
8.8015e+012  0.3046
8.8044e+012  0.2953
8.8072e+012  0.28601
8.8101e+012  0.27672
8.813e+012  0.26744
8.8159e+012  0.25816
8.8188e+012  0.25205
8.8217e+012  0.24639
8.8245e+012  0.24073
8.8274e+012  0.23508
8.8303e+012  0.22943
8.8332e+012  0.22378
8.8361e+012  0.21814
8.839e+012  0.21251
8.8419e+012  0.20687
8.8447e+012  0.20124
8.8476e+012  0.19792
8.8505e+012  0.19469
8.8534e+012  0.19148
8.8563e+012  0.18826
8.8592e+012  0.18504
8.862e+012  0.18183
8.8649e+012  0.17862
8.8678e+012  0.17541
8.8707e+012  0.1722
8.8736e+012  0.169
8.8765e+012  0.16584
8.8793e+012  0.16335
8.8822e+012  0.16086
8.8851e+012  0.15836
8.888e+012  0.15588
8.8909e+012  0.15339
8.8938e+012  0.1509
8.8967e+012  0.14842
8.8995e+012  0.14594
8.9024e+012  0.14346
8.9053e+012  0.14098
8.9082e+012  0.1391
8.9111e+012  0.13722
8.914e+012  0.13534
8.9168e+012  0.13346
8.9197e+012  0.13158
8.9226e+012  0.1297
8.9255e+012  0.12783
8.9284e+012  0.12595
8.9313e+012  0.12408
8.9342e+012  0.12221
8.937e+012  0.12079
8.9399e+012  0.11944
8.9428e+012  0.11809
8.9457e+012  0.11674
8.9486e+012  0.11539
8.9515e+012  0.11404
8.9543e+012  0.11269
8.9572e+012  0.11134
8.9601e+012  0.10999
8.963e+012  0.10865
8.9659e+012  0.1073
8.9688e+012  0.10616
8.9716e+012  0.10507
8.9745e+012  0.10399
8.9774e+012  0.10291
8.9803e+012  0.10183
8.9832e+012  0.10074
8.9861e+012  0.099662
8.989e+012  0.098582
8.9918e+012  0.097502
8.9947e+012  0.096423
8.9976e+012  0.095536
9.0005e+012  0.09483
9.0034e+012  0.094125
9.0063e+012  0.09342
9.0091e+012  0.092715
9.012e+012  0.092011
9.0149e+012  0.091307
9.0178e+012  0.090604
9.0207e+012  0.089901
9.0236e+012  0.089198
9.0265e+012  0.088496
9.0293e+012  0.087795
9.0322e+012  0.087094
9.0351e+012  0.086393
9.038e+012  0.085693
9.0409e+012  0.084993
9.0438e+012  0.084294
9.0466e+012  0.083595
9.0495e+012  0.082897
9.0524e+012  0.082199
9.0553e+012  0.081501
9.0582e+012  0.080804
9.0611e+012  0.080107
9.0639e+012  0.079411
9.0668e+012  0.078716
9.0697e+012  0.07802
9.0726e+012  0.077325
9.0755e+012  0.076631
9.0784e+012  0.075937
9.0813e+012  0.075244
9.0841e+012  0.07455
9.087e+012  0.073858
9.0899e+012  0.073166
9.0928e+012  0.072474
9.0957e+012  0.071783
9.0986e+012  0.071092
9.1014e+012  0.070401
9.1043e+012  0.069711
9.1072e+012  0.069022
9.1101e+012  0.068332
9.113e+012  0.067644
9.1159e+012  0.066955
9.1188e+012  0.066268
9.1216e+012  0.06558
9.1245e+012  0.064893
9.1274e+012  0.064207
9.1303e+012  0.063521
9.1332e+012  0.062835
9.1361e+012  0.06215
9.1389e+012  0.061465
9.1418e+012  0.060781
9.1447e+012  0.060147
9.1476e+012  0.059794
9.1505e+012  0.059441
9.1534e+012  0.059088
9.1562e+012  0.058736
9.1591e+012  0.058383
9.162e+012  0.058032
9.1649e+012  0.05768
9.1678e+012  0.057328
9.1707e+012  0.056977
9.1736e+012  0.056626
9.1764e+012  0.056275
9.1793e+012  0.055924
9.1822e+012  0.055574
9.1851e+012  0.055224
9.188e+012  0.054874
9.1909e+012  0.054524
9.1937e+012  0.054174
9.1966e+012  0.053825
9.1995e+012  0.053476
9.2024e+012  0.053127
9.2053e+012  0.052779
9.2082e+012  0.05243
9.2111e+012  0.052082
9.2139e+012  0.051734
9.2168e+012  0.051386
9.2197e+012  0.051038
9.2226e+012  0.050691
9.2255e+012  0.050344
9.2284e+012  0.049997
9.2312e+012  0.04965
9.2341e+012  0.049304
9.237e+012  0.048958
9.2399e+012  0.048612
9.2428e+012  0.048266
9.2457e+012  0.04792
9.2485e+012  0.047575
9.2514e+012  0.047229
9.2543e+012  0.046884
9.2572e+012  0.04654
9.2601e+012  0.046195
9.263e+012  0.045851
9.2659e+012  0.045507
9.2687e+012  0.045163
9.2716e+012  0.044819
9.2745e+012  0.044476
9.2774e+012  0.044132
9.2803e+012  0.043789
9.2832e+012  0.043446
9.286e+012  0.043104
9.2889e+012  0.042761
9.2918e+012  0.042419
9.2947e+012  0.042086
9.2976e+012  0.041876
9.3005e+012  0.041666
9.3034e+012  0.041457
9.3062e+012  0.041247
9.3091e+012  0.041038
9.312e+012  0.040828
9.3149e+012  0.040619
9.3178e+012  0.04041
9.3207e+012  0.040201
9.3235e+012  0.039992
9.3264e+012  0.039784
9.3293e+012  0.039575
9.3322e+012  0.039367
9.3351e+012  0.039158
9.338e+012  0.03895
9.3408e+012  0.038742
9.3437e+012  0.038534
9.3466e+012  0.038326
9.3495e+012  0.038119
9.3524e+012  0.037911
9.3553e+012  0.037704
9.3582e+012  0.037497
9.361e+012  0.03729
9.3639e+012  0.037083
9.3668e+012  0.036876
9.3697e+012  0.036669
9.3726e+012  0.036462
9.3755e+012  0.036256
9.3783e+012  0.036049
9.3812e+012  0.035843
9.3841e+012  0.035637
9.387e+012  0.035431
9.3899e+012  0.035225
9.3928e+012  0.03502
9.3957e+012  0.034814
9.3985e+012  0.034608
9.4014e+012  0.034403
9.4043e+012  0.034198
9.4072e+012  0.033993
9.4101e+012  0.033788
9.413e+012  0.033583
9.4158e+012  0.033378
9.4187e+012  0.033174
9.4216e+012  0.032969
9.4245e+012  0.032765
9.4274e+012  0.032561
9.4303e+012  0.032356
9.4331e+012  0.032152
9.436e+012  0.031949
9.4389e+012  0.031745
9.4418e+012  0.031541
9.4447e+012  0.031358
9.4476e+012  0.03122
9.4505e+012  0.031083
9.4533e+012  0.030945
9.4562e+012  0.030808
9.4591e+012  0.030671
9.462e+012  0.030533
9.4649e+012  0.030396
9.4678e+012  0.030259
9.4706e+012  0.030122
9.4735e+012  0.029985
9.4764e+012  0.029849
9.4793e+012  0.029712
9.4822e+012  0.029575
9.4851e+012  0.029439
9.488e+012  0.029302
9.4908e+012  0.029166
9.4937e+012  0.02903
9.4966e+012  0.028893
9.4995e+012  0.028757
9.5024e+012  0.028621
9.5053e+012  0.028485
9.5081e+012  0.028349
9.511e+012  0.028213
9.5139e+012  0.028078
9.5168e+012  0.027942
9.5197e+012  0.027807
9.5226e+012  0.027671
9.5254e+012  0.027536
9.5283e+012  0.0274
9.5312e+012  0.027265
9.5341e+012  0.02713
9.537e+012  0.026995
9.5399e+012  0.02686
9.5428e+012  0.026725
9.5456e+012  0.02659
9.5485e+012  0.026456
9.5514e+012  0.026321
9.5543e+012  0.026186
9.5572e+012  0.026052
9.5601e+012  0.025917
9.5629e+012  0.025783
9.5658e+012  0.025649
9.5687e+012  0.025515
9.5716e+012  0.025381
9.5745e+012  0.025247
9.5774e+012  0.025113
9.5803e+012  0.024979
9.5831e+012  0.024845
9.586e+012  0.024711
9.5889e+012  0.024578
9.5918e+012  0.024444
9.5947e+012  0.024311
9.5976e+012  0.024224
9.6004e+012  0.024141
9.6033e+012  0.024058
9.6062e+012  0.023975
9.6091e+012  0.023892
9.612e+012  0.023809
9.6149e+012  0.023726
9.6177e+012  0.023644
9.6206e+012  0.023561
9.6235e+012  0.023478
9.6264e+012  0.023396
9.6293e+012  0.023313
9.6322e+012  0.023231
9.6351e+012  0.023149
9.6379e+012  0.023066
9.6408e+012  0.022984
9.6437e+012  0.022902
9.6466e+012  0.022819
9.6495e+012  0.022737
9.6524e+012  0.022655
9.6552e+012  0.022573
9.6581e+012  0.022491
9.661e+012  0.022409
9.6639e+012  0.022327
9.6668e+012  0.022245
9.6697e+012  0.022164
9.6726e+012  0.022082
9.6754e+012  0.022
9.6783e+012  0.021919
9.6812e+012  0.021837
9.6841e+012  0.021755
9.687e+012  0.021674
9.6899e+012  0.021592
9.6927e+012  0.021511
9.6956e+012  0.02143
9.6985e+012  0.021348
9.7014e+012  0.021267
9.7043e+012  0.021186
9.7072e+012  0.021105
9.71e+012  0.021023
9.7129e+012  0.020942
9.7158e+012  0.020861
9.7187e+012  0.02078
9.7216e+012  0.020699
9.7245e+012  0.020618
9.7274e+012  0.020538
9.7302e+012  0.020457
9.7331e+012  0.020376
9.736e+012  0.020295
9.7389e+012  0.020215
9.7418e+012  0.020134
9.7447e+012  0.020054
9.7475e+012  0.019973
9.7504e+012  0.019893
9.7533e+012  0.019812
9.7562e+012  0.019732
9.7591e+012  0.019652
9.762e+012  0.019571
9.7649e+012  0.019491
9.7677e+012  0.019411
9.7706e+012  0.019331
9.7735e+012  0.019251
9.7764e+012  0.019171
9.7793e+012  0.019091
9.7822e+012  0.019011
9.785e+012  0.018931
9.7879e+012  0.018851
9.7908e+012  0.018771
9.7937e+012  0.018691
9.7966e+012  0.018612
9.7995e+012  0.018532
9.8023e+012  0.018452
9.8052e+012  0.018373
9.8081e+012  0.018293
9.811e+012  0.018214
9.8139e+012  0.018134
9.8168e+012  0.018055
9.8197e+012  0.017976
9.8225e+012  0.017897
9.8254e+012  0.017817
9.8283e+012  0.017738
9.8312e+012  0.017659
9.8341e+012  0.01758
9.837e+012  0.017501
9.8398e+012  0.017422
9.8427e+012  0.017343
9.8456e+012  0.017264
9.8485e+012  0.017185
9.8514e+012  0.017106
9.8543e+012  0.017027
9.8572e+012  0.016949
9.86e+012  0.01687
9.8629e+012  0.016791
9.8658e+012  0.016713
9.8687e+012  0.016634
9.8716e+012  0.016556
9.8745e+012  0.016477
9.8773e+012  0.016399
9.8802e+012  0.016321
9.8831e+012  0.016242
9.886e+012  0.016164
9.8889e+012  0.016086
9.8918e+012  0.016008
9.8946e+012  0.015929
9.8975e+012  0.015872
9.9004e+012  0.015826
9.9033e+012  0.01578
9.9062e+012  0.015735
9.9091e+012  0.015689
9.912e+012  0.015644
9.9148e+012  0.015598
9.9177e+012  0.015553
9.9206e+012  0.015507
9.9235e+012  0.015462
9.9264e+012  0.015417
9.9293e+012  0.015371
9.9321e+012  0.015326
9.935e+012  0.015281
9.9379e+012  0.015235
9.9408e+012  0.01519
9.9437e+012  0.015145
9.9466e+012  0.0151
9.9495e+012  0.015055
9.9523e+012  0.015009
9.9552e+012  0.014964
9.9581e+012  0.014919
9.961e+012  0.014874
9.9639e+012  0.014829
9.9668e+012  0.014784
9.9696e+012  0.014739
9.9725e+012  0.014694
9.9754e+012  0.014649
9.9783e+012  0.014604
9.9812e+012  0.014559
9.9841e+012  0.014515
9.9869e+012  0.01447
9.9898e+012  0.014425
9.9927e+012  0.01438
9.9956e+012  0.014335
9.9985e+012  0.014291
1.0001e+013  0.014246
1.0004e+013  0.014201
1.0007e+013  0.014157
1.001e+013  0.014112
1.0013e+013  0.014067
1.0016e+013  0.014023
1.0019e+013  0.013978
1.0022e+013  0.013934
1.0024e+013  0.013889
1.0027e+013  0.013845
1.003e+013  0.0138
1.0033e+013  0.013756
1.0036e+013  0.013712
1.0039e+013  0.013667
1.0042e+013  0.013623
1.0045e+013  0.013578
1.0048e+013  0.013534
1.005e+013  0.01349
1.0053e+013  0.013446
1.0056e+013  0.013401
1.0059e+013  0.013357
1.0062e+013  0.013313
1.0065e+013  0.013269
1.0068e+013  0.013225
1.0071e+013  0.013181
1.0073e+013  0.013137
1.0076e+013  0.013093
1.0079e+013  0.013049
1.0082e+013  0.013005
1.0085e+013  0.012961
1.0088e+013  0.012917
1.0091e+013  0.012873
1.0094e+013  0.012829
1.0097e+013  0.012785
1.0099e+013  0.012741
1.0102e+013  0.012697
1.0105e+013  0.012654
1.0108e+013  0.01261
1.0111e+013  0.012566
1.0114e+013  0.012522
1.0117e+013  0.012479
1.012e+013  0.012435
1.0123e+013  0.012391
1.0125e+013  0.012348
1.0128e+013  0.012304
1.0131e+013  0.012261
1.0134e+013  0.012217
1.0137e+013  0.012174
1.014e+013  0.01213
1.0143e+013  0.012087
1.0146e+013  0.012043
1.0148e+013  0.012
1.0151e+013  0.011956
1.0154e+013  0.011913
1.0157e+013  0.01187
1.016e+013  0.011826
1.0163e+013  0.011783
1.0166e+013  0.01174
1.0169e+013  0.011697
1.0172e+013  0.011653
1.0174e+013  0.01161
1.0177e+013  0.011567
1.018e+013  0.011524
1.0183e+013  0.011481
1.0186e+013  0.011438
1.0189e+013  0.011395
1.0192e+013  0.011352
1.0195e+013  0.011309
1.0198e+013  0.011273
1.02e+013  0.011239
1.0203e+013  0.011206
1.0206e+013  0.011172
1.0209e+013  0.011138
1.0212e+013  0.011105
1.0215e+013  0.011071
1.0218e+013  0.011038
1.0221e+013  0.011004
1.0223e+013  0.010971
1.0226e+013  0.010937
1.0229e+013  0.010904
1.0232e+013  0.01087
1.0235e+013  0.010837
1.0238e+013  0.010803
1.0241e+013  0.01077
1.0244e+013  0.010736
1.0247e+013  0.010703
1.0249e+013  0.01067
1.0252e+013  0.010636
1.0255e+013  0.010603
1.0258e+013  0.01057
1.0261e+013  0.010536
1.0264e+013  0.010503
1.0267e+013  0.01047
1.027e+013  0.010437
1.0273e+013  0.010403
1.0275e+013  0.01037
1.0278e+013  0.010337
1.0281e+013  0.010304
1.0284e+013  0.010271
1.0287e+013  0.010237
1.029e+013  0.010204
1.0293e+013  0.010171
1.0296e+013  0.010138
1.0298e+013  0.010105
1.0301e+013  0.010072
1.0304e+013  0.010039
1.0307e+013  0.010006
1.031e+013  0.0099732
1.0313e+013  0.0099402
1.0316e+013  0.0099073
1.0319e+013  0.0098744
1.0322e+013  0.0098415
1.0324e+013  0.0098086
1.0327e+013  0.0097757
1.033e+013  0.0097429
1.0333e+013  0.00971
1.0336e+013  0.0096772
1.0339e+013  0.0096444
1.0342e+013  0.0096117
1.0345e+013  0.0095789
1.0347e+013  0.0095462
1.035e+013  0.0095135
1.0353e+013  0.0094808
1.0356e+013  0.0094481
1.0359e+013  0.0094154
1.0362e+013  0.0093828
1.0365e+013  0.0093501
1.0368e+013  0.0093175
1.0371e+013  0.0092849
1.0373e+013  0.0092524
1.0376e+013  0.0092198
1.0379e+013  0.0091873
1.0382e+013  0.0091548
1.0385e+013  0.0091223
1.0388e+013  0.0090898
1.0391e+013  0.0090573
1.0394e+013  0.0090249
1.0397e+013  0.0089924
1.0399e+013  0.00896
1.0402e+013  0.0089383
1.0405e+013  0.0089214
1.0408e+013  0.0089045
1.0411e+013  0.0088876
1.0414e+013  0.0088708
1.0417e+013  0.0088539
1.042e+013  0.008837
1.0422e+013  0.0088202
1.0425e+013  0.0088034
1.0428e+013  0.0087865
1.0431e+013  0.0087697
1.0434e+013  0.0087529
1.0437e+013  0.0087361
1.044e+013  0.0087193
1.0443e+013  0.0087025
1.0446e+013  0.0086858
1.0448e+013  0.008669
1.0451e+013  0.0086522
1.0454e+013  0.0086355
1.0457e+013  0.0086188
1.046e+013  0.008602
1.0463e+013  0.0085853
1.0466e+013  0.0085686
1.0469e+013  0.0085519
1.0472e+013  0.0085352
1.0474e+013  0.0085186
1.0477e+013  0.0085019
1.048e+013  0.0084852
1.0483e+013  0.0084686
1.0486e+013  0.0084519
1.0489e+013  0.0084353
1.0492e+013  0.0084187
1.0495e+013  0.008402
1.0497e+013  0.0083427
1.05e+013  0.0082773
1.0503e+013  0.0082119
1.0506e+013  0.0081466
1.0509e+013  0.0080813
1.0512e+013  0.0080161
1.0515e+013  0.0079509
1.0518e+013  0.0078857
1.0521e+013  0.0078206
1.0523e+013  0.0077555
1.0526e+013  0.0076904
1.0529e+013  0.0076254
1.0532e+013  0.0075604
1.0535e+013  0.0074955
1.0538e+013  0.0074305
1.0541e+013  0.0073656
1.0544e+013  0.0073008
1.0547e+013  0.007236
1.0549e+013  0.0071712
1.0552e+013  0.0071065
1.0555e+013  0.0070418
1.0558e+013  0.0069771
1.0561e+013  0.0069125
1.0564e+013  0.0068479
1.0567e+013  0.0067833
1.057e+013  0.0067188
1.0572e+013  0.0066543
1.0575e+013  0.0065898
1.0578e+013  0.0065254
1.0581e+013  0.006461
1.0584e+013  0.0063966
1.0587e+013  0.0063323
1.059e+013  0.006268
1.0593e+013  0.0062038
1.0596e+013  0.0061396
1.0598e+013  0.0060754
1.0601e+013  0.0060112
1.0604e+013  0.0059471
1.0607e+013  0.0058831
1.061e+013  0.005819
1.0613e+013  0.005755
1.0616e+013  0.005691
1.0619e+013  0.0056271
1.0622e+013  0.0055632
1.0624e+013  0.0054993
1.0627e+013  0.0054355
1.063e+013  0.0053717
1.0633e+013  0.005308
1.0636e+013  0.0052442
1.0639e+013  0.0051805
1.0642e+013  0.0051634
1.0645e+013  0.0051892
1.0647e+013  0.0052149
1.065e+013  0.0052407
1.0653e+013  0.0052664
1.0656e+013  0.0052921
1.0659e+013  0.0053178
1.0662e+013  0.0053435
1.0665e+013  0.0053692
1.0668e+013  0.0053948
1.0671e+013  0.0054205
1.0673e+013  0.0054461
1.0676e+013  0.0054717
1.0679e+013  0.0054973
1.0682e+013  0.0055229
1.0685e+013  0.0055485
1.0688e+013  0.005574
1.0691e+013  0.0055996
1.0694e+013  0.0056251
1.0697e+013  0.0056506
1.0699e+013  0.0056761
1.0702e+013  0.0057016
1.0705e+013  0.0057271
1.0708e+013  0.0057526
1.0711e+013  0.005778
1.0714e+013  0.0058034
1.0717e+013  0.0058289
1.072e+013  0.0058543
1.0722e+013  0.0058797
1.0725e+013  0.0059051
1.0728e+013  0.0059304
1.0731e+013  0.0059558
1.0734e+013  0.0059811
1.0737e+013  0.0060064
1.074e+013  0.0060318
1.0743e+013  0.0060571
1.0746e+013  0.0060823
1.0748e+013  0.0061076
1.0751e+013  0.0061329
1.0754e+013  0.0061581
1.0757e+013  0.0061833
1.076e+013  0.0062086
1.0763e+013  0.0062338
1.0766e+013  0.006259
1.0769e+013  0.0062841
1.0771e+013  0.0063093
1.0774e+013  0.0063345
1.0777e+013  0.0063596
1.078e+013  0.0063847
1.0783e+013  0.0064098
1.0786e+013  0.0064349
1.0789e+013  0.00646
1.0792e+013  0.0064851
1.0795e+013  0.0064666
1.0797e+013  0.006384
1.08e+013  0.0063015
1.0803e+013  0.006219
1.0806e+013  0.0061365
1.0809e+013  0.0060541
1.0812e+013  0.0059717
1.0815e+013  0.0058894
1.0818e+013  0.0058071
1.0821e+013  0.0057249
1.0823e+013  0.0056427
1.0826e+013  0.0055605
1.0829e+013  0.0054784
1.0832e+013  0.0053964
1.0835e+013  0.0053143
1.0838e+013  0.0052324
1.0841e+013  0.0051504
1.0844e+013  0.0050685
1.0846e+013  0.0049867
1.0849e+013  0.0049049
1.0852e+013  0.0048231
1.0855e+013  0.0047414
1.0858e+013  0.0046598
1.0861e+013  0.0045781
1.0864e+013  0.0044965
1.0867e+013  0.004415
1.087e+013  0.0043335
1.0894e+013  0.0038957
1.1028e+013  0.0033208
1.1162e+013  0.002821
1.1296e+013  0.0024963
1.143e+013  0.0022681
1.1565e+013  0.0021408
1.1699e+013  0.0021518
1.1833e+013  0.0020852
1.1967e+013  0.00207
1.2101e+013  0.0027841
1.2235e+013  0.003322
1.237e+013  0.0036684
1.2504e+013  0.0035135
1.2638e+013  0.003404
1.2772e+013  0.0035675
1.2906e+013  0.0040029
1.304e+013  0.004492
1.3175e+013  0.0049236
1.3309e+013  0.0053018
1.3443e+013  0.0049471
1.3577e+013  0.0048233
1.3711e+013  0.0046742
1.3845e+013  0.0042645
1.398e+013  0.0037421
1.4114e+013  0.0034309
1.4248e+013  0.0032255
1.4382e+013  0.0031805
1.4516e+013  0.0034587
1.465e+013  0.0038255
1.4785e+013  0.0041161
1.4919e+013  0.0041761
1.5053e+013  0.0042003
1.5187e+013  0.0046054
1.5321e+013  0.0048354
1.5455e+013  0.0048462
1.559e+013  0.0061433
1.5724e+013  0.0082587
1.5858e+013  0.0057974
1.5992e+013  0.0039489
1.6126e+013  0.0030631
1.626e+013  0.0022345
1.6395e+013  0.0014692
1.6529e+013  0.00097386
1.6663e+013  0.00065364
1.6797e+013  0.0004312
1.6931e+013  0.00023192
1.7065e+013  0.00021689
1.72e+013  0.00019881
1.7334e+013  0.00016789
1.7468e+013  0.00013858
1.7602e+013  0.00011132
1.7736e+013  9.8251e-005
1.787e+013  9.5271e-005
1.8005e+013  9.0654e-005
1.8139e+013  8.5615e-005
1.8273e+013  8.065e-005
1.8407e+013  7.5036e-005
1.8541e+013  6.6095e-005
1.8675e+013  5.7283e-005
1.881e+013  4.8596e-005
1.8944e+013  4.24e-005
1.9078e+013  3.7614e-005
1.9212e+013  3.2894e-005
1.9346e+013  2.8275e-005
1.948e+013  2.6393e-005
1.9615e+013  2.4537e-005
1.9749e+013  2.2706e-005
1.9883e+013  2.1545e-005
2.0017e+013  2.1404e-005
2.0151e+013  2.1266e-005
2.0285e+013  2.1129e-005
2.042e+013  2.1749e-005
2.0554e+013  2.2566e-005
2.0688e+013  2.3373e-005
2.0822e+013  2.3903e-005
2.0956e+013  2.3456e-005
2.109e+013  2.3015e-005
2.1225e+013  2.2579e-005
2.1359e+013  2.1399e-005
2.1493e+013  1.9703e-005
2.1627e+013  1.8027e-005
2.1761e+013  1.6399e-005
2.1895e+013  1.6314e-005
2.203e+013  1.6231e-005
2.2164e+013  1.6148e-005
2.2298e+013  1.7364e-005
2.2432e+013  2.0442e-005
2.2566e+013  2.3484e-005
2.2701e+013  2.649e-005
2.2835e+013  3.1039e-005
2.2969e+013  3.6024e-005
2.3103e+013  3.5584e-005
2.3237e+013  3.443e-005
2.3371e+013  2.9074e-005
2.3506e+013  2.3778e-005
2.364e+013  1.8544e-005
2.3774e+013  1.5817e-005
2.3908e+013  1.5288e-005
2.4042e+013  1.4764e-005
2.4176e+013  1.4246e-005
2.4311e+013  1.3734e-005
2.4445e+013  1.3227e-005
2.4579e+013  1.2726e-005
2.4713e+013  1.2231e-005
2.4847e+013  1.174e-005
2.4981e+013  1.1255e-005
2.5116e+013  1.0776e-005
2.525e+013  1.0301e-005
2.5384e+013  9.8313e-006
2.5518e+013  9.3665e-006
2.5652e+013  8.9066e-006
2.5786e+013  8.4516e-006
2.5921e+013  8.0012e-006
2.6055e+013  7.5554e-006
2.6189e+013  7.1143e-006
2.6323e+013  6.6776e-006
2.6457e+013  6.2453e-006
2.6591e+013  5.8175e-006
2.6726e+013  5.3939e-006
2.686e+013  4.9745e-006
2.6994e+013  4.5593e-006
2.7128e+013  4.1483e-006
2.7262e+013  3.7412e-006
2.7396e+013  3.3382e-006
2.7531e+013  2.939e-006
2.7665e+013  2.5438e-006
2.7799e+013  2.1524e-006
2.7933e+013  1.7647e-006
2.8067e+013  1.3807e-006
2.8201e+013  1.0004e-006
2.8336e+013  7.5727e-007
2.847e+013  7.4979e-007
2.8604e+013  7.4238e-007
2.8738e+013  7.3504e-007
2.8872e+013  7.2776e-007
2.9006e+013  7.2056e-007
2.9141e+013  7.1342e-007
2.9275e+013  7.0635e-007
2.9409e+013  6.9934e-007
2.9543e+013  6.9239e-007
2.9677e+013  6.8551e-007
2.9811e+013  6.7869e-007
2.9946e+013  6.7193e-007
3.008e+013  6.6523e-007
3.0214e+013  6.5859e-007
3.0348e+013  6.5201e-007
3.0482e+013  6.4549e-007
3.0616e+013  6.3902e-007
3.0751e+013  6.3261e-007
3.0885e+013  6.2626e-007
3.1019e+013  6.1996e-007
3.1153e+013  6.1371e-007
3.1287e+013  6.0298e-007
3.1421e+013  5.8559e-007
3.1556e+013  5.6834e-007
3.169e+013  5.5125e-007
3.1824e+013  5.3429e-007
3.1958e+013  5.1748e-007
3.2092e+013  5.0081e-007
3.2226e+013  4.8428e-007
3.2361e+013  4.6789e-007
3.2495e+013  4.5163e-007
3.2629e+013  2.591e-006
3.2763e+013  1.0238e-005
3.2897e+013  1.7823e-005
3.3031e+013  2.5346e-005
3.3166e+013  3.2808e-005
3.33e+013  4.021e-005
3.3434e+013  4.7553e-005
3.3568e+013  5.4837e-005
3.3702e+013  6.2063e-005
3.3836e+013  6.9231e-005
3.3971e+013  7.6343e-005
3.4105e+013  8.3399e-005
3.4239e+013  9.04e-005
3.4373e+013  9.7346e-005
3.4507e+013  0.00010424
3.4641e+013  0.00011108
3.4776e+013  0.00011786
3.491e+013  0.0001246
3.5044e+013  0.00013128
3.5178e+013  0.00013791
3.5312e+013  0.00014449
3.5446e+013  0.00015102
3.5581e+013  0.0001575
3.5715e+013  0.00016394
3.5849e+013  0.00017032
3.5983e+013  0.00017666
3.6117e+013  0.00018295
3.6251e+013  0.00018919
3.6386e+013  0.00019539
3.652e+013  0.00020154
3.6654e+013  0.00020765
3.6788e+013  0.00021371
3.6922e+013  0.00021973
3.7056e+013  0.00022571
3.7191e+013  0.00023164
3.7325e+013  0.00023753
3.7459e+013  0.00024337
3.7593e+013  0.00024918
3.7727e+013  0.00025494
3.7861e+013  0.00026067
3.7996e+013  0.00026635
3.813e+013  0.00027199
3.8264e+013  0.00027759
3.8398e+013  0.00028316
3.8532e+013  0.00028868
3.8666e+013  0.00029417
3.8801e+013  0.00029962
3.8935e+013  0.00030503
3.9069e+013  0.00031041
3.9203e+013  0.00031574
3.9337e+013  0.00032104
3.9472e+013  0.00032631
3.9606e+013  0.00033154
3.974e+013  0.00033673
3.9874e+013  0.00034189
4.0008e+013  0.00034702
4.0142e+013  0.00035211
4.0277e+013  0.00035716
4.0411e+013  0.00036218
4.0545e+013  0.00036717
4.0679e+013  0.00037213
4.0813e+013  0.00037705
4.0947e+013  0.00038195
4.1082e+013  0.00038681
4.1216e+013  0.00039163
4.135e+013  0.00039643
4.1484e+013  0.0004012
4.1618e+013  0.00040593
4.1752e+013  0.00041064
4.1887e+013  0.00041531
4.2021e+013  0.00041995
4.2155e+013  0.00042457
4.2289e+013  0.00042916
4.2423e+013  0.00043371
4.2557e+013  0.00043824
4.2692e+013  0.00044274
4.2826e+013  0.00044721
4.296e+013  0.00045165
4.3094e+013  0.00045607
4.3228e+013  0.00046046
4.3362e+013  0.00046482
4.3497e+013  0.00046915
4.3631e+013  0.00047346
4.3765e+013  0.00047774
4.3899e+013  0.000482
4.4033e+013  0.00048623
4.4167e+013  0.00049043
4.4302e+013  0.00049461
4.4436e+013  0.00049876
4.457e+013  0.00050289
4.4704e+013  0.00050699
4.4838e+013  0.00051107
4.4972e+013  0.00051512
4.5107e+013  0.00051915
4.5241e+013  0.00052316
4.5375e+013  0.00052714
4.5509e+013  0.0005311
4.5643e+013  0.00053504
4.5777e+013  0.00053895
4.5912e+013  0.00054284
4.6046e+013  0.00054671
4.618e+013  0.00055055
4.6314e+013  0.00055437
4.6448e+013  0.00055817
4.6582e+013  0.00056195
4.6717e+013  0.00056571
4.6851e+013  0.00056944
4.6985e+013  0.00057316
4.7119e+013  0.00057685
4.7253e+013  0.00058052
4.7387e+013  0.00058417
4.7522e+013  0.0005878
4.7656e+013  0.00059141
4.779e+013  0.000595
4.7924e+013  0.00059857
4.8058e+013  0.00060212
4.8192e+013  0.00060565
4.8327e+013  0.00060916
4.8461e+013  0.00061265
4.8595e+013  0.00061612
4.8729e+013  0.00061957
4.8863e+013  0.00062301
4.8997e+013  0.00062642
4.9132e+013  0.00062982
4.9266e+013  0.00063319
4.94e+013  0.00063655
4.9534e+013  0.00063989
4.9668e+013  0.00064322
4.9802e+013  0.00064652
4.9937e+013  0.00064981
5.0071e+013  0.00065308
5.0205e+013  0.00065633
5.0339e+013  0.00065956
5.0473e+013  0.00066278
5.0607e+013  0.00066598
5.0742e+013  0.00066917
5.0876e+013  0.00067233
5.101e+013  0.00067548
5.1144e+013  0.00067862
5.1278e+013  0.00068173
5.1412e+013  0.00068483
5.1547e+013  0.00068792
5.1681e+013  0.00069099
5.1815e+013  0.00069404
5.1949e+013  0.00069708
5.2083e+013  0.0007001
5.2217e+013  0.0007031
5.2352e+013  0.0007061
5.2486e+013  0.00070907
5.262e+013  0.00071203
5.2754e+013  0.00071498
5.2888e+013  0.00071791
5.3022e+013  0.00072082
5.3157e+013  0.00072372
5.3291e+013  0.00072661
5.3425e+013  0.00072948
5.3559e+013  0.00073233
5.3693e+013  0.00073518
5.3827e+013  0.00073801
5.3962e+013  0.00074082
5.4096e+013  0.00074362
5.423e+013  0.00074641
5.4364e+013  0.00074918
5.4498e+013  0.00075194
5.4632e+013  0.00075469
5.4767e+013  0.00075742
5.4901e+013  0.00076014
5.5035e+013  0.00076284
5.5169e+013  0.00076553
5.5303e+013  0.00076821
5.5437e+013  0.00077088
5.5572e+013  0.00077353
5.5706e+013  0.00077617
5.584e+013  0.0007788
5.5974e+013  0.00078142
5.6108e+013  0.00078402
5.6242e+013  0.00078661
5.6377e+013  0.00078919
5.6511e+013  0.00079176
5.6645e+013  0.00079431
5.6779e+013  0.00079685
5.6913e+013  0.00079938
5.7048e+013  0.0008019
5.7182e+013  0.00080441
5.7316e+013  0.0008069
5.745e+013  0.00080938
5.7584e+013  0.00081185
5.7718e+013  0.00081431
5.7853e+013  0.00081676
5.7987e+013  0.0008192
5.8121e+013  0.00082162
5.8255e+013  0.00082404
5.8389e+013  0.00082644
5.8523e+013  0.00082883
5.8658e+013  0.00083121
5.8792e+013  0.00083359
5.8926e+013  0.00083595
5.906e+013  0.00083829
5.9194e+013  0.00084063
5.9328e+013  0.00084296
5.9463e+013  0.00084528
5.9597e+013  0.00084758
5.9731e+013  0.00084988
5.9865e+013  0.00085217
5.9999e+013  0.00085444
6.0133e+013  0.00085671
6.0268e+013  0.00085896
6.0402e+013  0.00086121
6.0536e+013  0.00086345
6.067e+013  0.00086567
6.0804e+013  0.00086789
6.0938e+013  0.00087009
6.1073e+013  0.00087229
6.1207e+013  0.00087448
6.1341e+013  0.00087665
6.1475e+013  0.00087882
6.1609e+013  0.00088098
6.1743e+013  0.00088313
6.1878e+013  0.00088527
6.2012e+013  0.0008874
6.2146e+013  0.00088952
6.228e+013  0.00089163
6.2414e+013  0.00089374
6.2548e+013  0.00089583
6.2683e+013  0.00089792
6.2817e+013  0.00089999
6.2951e+013  0.00090206
6.3085e+013  0.00090412
6.3219e+013  0.00090617
6.3353e+013  0.00090821
6.3488e+013  0.00091024
6.3622e+013  0.00091227
6.3756e+013  0.00091428
6.389e+013  0.00091629
6.4024e+013  0.00091829
6.4158e+013  0.00092028
6.4293e+013  0.00092226
6.4427e+013  0.00092423
6.4561e+013  0.0009262
6.4695e+013  0.00092815
6.4829e+013  0.0009301
6.4963e+013  0.00093204
6.5098e+013  0.00093398
6.5232e+013  0.0009359
6.5366e+013  0.00093782
6.55e+013  0.00093973
6.5634e+013  0.00094163
6.5768e+013  0.00094352
6.5903e+013  0.00094541
6.6037e+013  0.00094729
6.6171e+013  0.00094916
6.6305e+013  0.00095102
6.6439e+013  0.00095288
6.6573e+013  0.00095473
6.6708e+013  0.00095657
6.6842e+013  0.0009584
6.6976e+013  0.00096023
6.711e+013  0.00096205
6.7244e+013  0.00096386
6.7378e+013  0.00096566
6.7513e+013  0.00096746
6.7647e+013  0.00096925
6.7781e+013  0.00097103
6.7915e+013  0.00097281
6.8049e+013  0.00097458
6.8183e+013  0.00097634
6.8318e+013  0.00097809
6.8452e+013  0.00097984
6.8586e+013  0.00098158
6.872e+013  0.00098332
6.8854e+013  0.00098505
6.8988e+013  0.00098677
6.9123e+013  0.00098848
6.9257e+013  0.00099019
6.9391e+013  0.00099189
6.9525e+013  0.00099358
6.9659e+013  0.00099527
6.9793e+013  0.00099695
6.9928e+013  0.00099863
7.0062e+013  0.0010003
7.0196e+013  0.001002
7.033e+013  0.0010036
7.0464e+013  0.0010053
7.0598e+013  0.0010069
7.0733e+013  0.0010085
7.0867e+013  0.0010102
7.1001e+013  0.0010118
7.1135e+013  0.0010134
7.1269e+013  0.001015
7.1403e+013  0.0010166
7.1538e+013  0.0010182
7.1672e+013  0.0010198
7.1806e+013  0.0010214
7.194e+013  0.001023
7.2074e+013  0.0010246
7.2208e+013  0.0010262
7.2343e+013  0.0010277
7.2477e+013  0.0010293
7.2611e+013  0.0010308
7.2745e+013  0.0010324
7.2879e+013  0.0010339
7.3013e+013  0.0010355
7.3148e+013  0.001037
7.3282e+013  0.0010385
7.3416e+013  0.00104
7.355e+013  0.0010415
7.3684e+013  0.0010431
7.3819e+013  0.0010446
7.3953e+013  0.0010461
7.4087e+013  0.0010475
7.4221e+013  0.001049
7.4355e+013  0.0010505
7.4489e+013  0.001052
7.4624e+013  0.0010535
7.4758e+013  0.0010549
7.4892e+013  0.0010564
7.5026e+013  0.0010578
7.516e+013  0.0010593
7.5294e+013  0.0010607
7.5429e+013  0.0010622
7.5563e+013  0.0010636
7.5697e+013  0.001065
7.5831e+013  0.0010665
7.5965e+013  0.0010679
7.6099e+013  0.0010693
7.6234e+013  0.0010707
7.6368e+013  0.0010721
7.6502e+013  0.0010735
7.6636e+013  0.0010749
7.677e+013  0.0010763
7.6904e+013  0.0010777
7.7039e+013  0.0010791
7.7173e+013  0.0010804
7.7307e+013  0.0010818
7.7441e+013  0.0010832
7.7575e+013  0.0010845
7.7709e+013  0.0010859
7.7844e+013  0.0010872
7.7978e+013  0.0010886
7.8112e+013  0.0010899
7.8246e+013  0.0010913
7.838e+013  0.0010926
7.8514e+013  0.0010939
7.8649e+013  0.0010952
7.8783e+013  0.0010966
7.8917e+013  0.0010979
7.9051e+013  0.0010992
7.9185e+013  0.0011005
7.9319e+013  0.0011018
7.9454e+013  0.0011031
7.9588e+013  0.0011044
7.9722e+013  0.0011057
7.9856e+013  0.001107
7.999e+013  0.0011082
8.0124e+013  0.0011095
8.0259e+013  0.0011108
8.0393e+013  0.0011121
8.0527e+013  0.0011133
8.0661e+013  0.0011146
8.0795e+013  0.0011158
8.0929e+013  0.0011171
8.1064e+013  0.0011183
8.1198e+013  0.0011196
8.1332e+013  0.0011208
8.1466e+013  0.001122
8.16e+013  0.0011233
8.1734e+013  0.0011245
8.1869e+013  0.0011257
8.2003e+013  0.0011269
8.2137e+013  0.0011281
8.2271e+013  0.0011294
8.2405e+013  0.0011306
8.2539e+013  0.0011318
8.2674e+013  0.001133
8.2808e+013  0.0011342
8.2942e+013  0.0011353
8.3076e+013  0.0011365
8.321e+013  0.0011377
8.3344e+013  0.0011389
8.3479e+013  0.0011401
8.3613e+013  0.0011412
8.3747e+013  0.0011424
8.3881e+013  0.0011436
8.4015e+013  0.0011447
8.4149e+013  0.0011459
8.4284e+013  0.001147
8.4418e+013  0.0011482
8.4552e+013  0.0011493
8.4686e+013  0.0011505
8.482e+013  0.0011516
8.4954e+013  0.0011528
8.5089e+013  0.0011539
8.5223e+013  0.001155
8.5357e+013  0.0011561
8.5491e+013  0.0011573
8.5625e+013  0.0011584
8.5759e+013  0.0011595
8.5894e+013  0.0011606
8.6028e+013  0.0011617
8.6162e+013  0.0011628
8.6296e+013  0.0011639
8.643e+013  0.001165
8.6564e+013  0.0011661
8.6699e+013  0.0011672
8.6833e+013  0.0011683
8.6967e+013  0.0011693
8.7101e+013  0.0011704
8.7235e+013  0.0011715
8.7369e+013  0.0011726
8.7504e+013  0.0011736
8.7638e+013  0.0011747
8.7772e+013  0.0011758
8.7906e+013  0.0011768
8.804e+013  0.0011779
8.8174e+013  0.0011789
8.8309e+013  0.00118
8.8443e+013  0.001181
8.8577e+013  0.0011821
8.8711e+013  0.0011831
8.8845e+013  0.0011842
8.8979e+013  0.0011852
8.9114e+013  0.0011862
8.9248e+013  0.0011873
8.9382e+013  0.0011883
8.9516e+013  0.0011893
8.965e+013  0.0011903
8.9784e+013  0.0011913
8.9919e+013  0.0011923
9.0053e+013  0.0011934
9.0187e+013  0.0011944
9.0321e+013  0.0011954
9.0455e+013  0.0011964
9.059e+013  0.0011974
9.0724e+013  0.0011984
9.0858e+013  0.0011994
9.0992e+013  0.0012003
9.1126e+013  0.0012013
9.126e+013  0.0012023
9.1395e+013  0.0012033
9.1529e+013  0.0012043
9.1663e+013  0.0012052
9.1797e+013  0.0012062
9.1931e+013  0.0012072
9.2065e+013  0.0012081
9.22e+013  0.0012091
9.2334e+013  0.0012101
9.2468e+013  0.001211
9.2602e+013  0.001212
9.2736e+013  0.0012129
9.287e+013  0.0012139
9.3005e+013  0.0012148
9.3139e+013  0.0012158
9.3273e+013  0.0012167
9.3407e+013  0.0012177
9.3541e+013  0.0012186
9.3675e+013  0.0012195
9.381e+013  0.0012205
9.3944e+013  0.0012214
9.4078e+013  0.0012223
9.4212e+013  0.0012232
9.4346e+013  0.0012241
9.448e+013  0.0012251
9.4615e+013  0.001226
9.4749e+013  0.0012269
9.4883e+013  0.0012278
9.5017e+013  0.0012287
9.5151e+013  0.0012296
9.5285e+013  0.0012305
9.542e+013  0.0012314
9.5554e+013  0.0012323
9.5688e+013  0.0012332
9.5822e+013  0.0012341
9.5956e+013  0.001235
9.609e+013  0.0012359
9.6225e+013  0.0012368
9.6359e+013  0.0012376
9.6493e+013  0.0012385
9.6627e+013  0.0012394
9.6761e+013  0.0012403
9.6895e+013  0.0012411
9.703e+013  0.001242
9.7164e+013  0.0012429
9.7298e+013  0.0012437
9.7432e+013  0.0012446
9.7566e+013  0.0012455
9.77e+013  0.0012463
9.7835e+013  0.0012472
9.7969e+013  0.001248
9.8103e+013  0.0012489
9.8237e+013  0.0012497
9.8371e+013  0.0012506
9.8505e+013  0.0012514
9.864e+013  0.0012523
9.8774e+013  0.0012531
9.8908e+013  0.0012539
9.9042e+013  0.0012548
9.9176e+013  0.0012556
9.931e+013  0.0012564
9.9445e+013  0.0012573
9.9579e+013  0.0012581
9.9713e+013  0.0012589
9.9847e+013  0.0012597
9.9981e+013  0.0012605
1.0012e+014  0.0012614
1.0025e+014  0.0012622
1.0038e+014  0.001263
1.0052e+014  0.0012638
1.0065e+014  0.0012646
1.0079e+014  0.0012654
1.0092e+014  0.0012662
1.0105e+014  0.001267
1.0119e+014  0.0012678
1.0132e+014  0.0012686
1.0146e+014  0.0012694
1.0159e+014  0.0012702
1.0173e+014  0.001271
1.0186e+014  0.0012718
1.0199e+014  0.0012726
1.0213e+014  0.0012734
1.0226e+014  0.0012741
1.024e+014  0.0012749
1.0253e+014  0.0012757
1.0266e+014  0.0012765
1.028e+014  0.0012772
1.0293e+014  0.001278
1.0307e+014  0.0012788
1.032e+014  0.0012796
1.0334e+014  0.0012803
1.0347e+014  0.0012811
1.036e+014  0.0012819
1.0374e+014  0.0012826
1.0387e+014  0.0012834
1.0401e+014  0.0012841
1.0414e+014  0.0012849
1.0427e+014  0.0012856
1.0441e+014  0.0012864
1.0454e+014  0.0012871
1.0468e+014  0.0012879
1.0481e+014  0.0012886
1.0495e+014  0.0012894
1.0508e+014  0.0012901
1.0521e+014  0.0012909
1.0535e+014  0.0012916
1.0548e+014  0.0012923
1.0562e+014  0.0012931
1.0575e+014  0.0012938
1.0588e+014  0.0012945
1.0602e+014  0.0012952
1.0615e+014  0.001296
1.0629e+014  0.0012967
1.0642e+014  0.0012974
1.0656e+014  0.0012981
1.0669e+014  0.0012989
1.0682e+014  0.0012996
1.0696e+014  0.0013003
1.0709e+014  0.001301
1.0723e+014  0.0013017
1.0736e+014  0.0013024
1.0749e+014  0.0013031
1.0763e+014  0.0013038
1.0776e+014  0.0013046
1.079e+014  0.0013053
1.0803e+014  0.001306
1.0817e+014  0.0013067
1.083e+014  0.0013074
1.0843e+014  0.001308
1.0857e+014  0.0013087
1.087e+014  0.0013094
1.0884e+014  0.0013101
1.0897e+014  0.0013108
1.091e+014  0.0013115
1.0924e+014  0.0013122
1.0937e+014  0.0013129
1.0951e+014  0.0013136
1.0964e+014  0.0013142
1.0978e+014  0.0013149
1.0991e+014  0.0013156
1.1004e+014  0.0013163
1.1018e+014  0.0013169
1.1031e+014  0.0013176
1.1045e+014  0.0013183
1.1058e+014  0.001319
1.1071e+014  0.0013196
1.1085e+014  0.0013203
1.1098e+014  0.001321
1.1112e+014  0.0013216
1.1125e+014  0.0013223
1.1139e+014  0.0013229
1.1152e+014  0.0013236
1.1165e+014  0.0013243
1.1179e+014  0.0013249
1.1192e+014  0.0013256
1.1206e+014  0.0013262
1.1219e+014  0.0013269
1.1232e+014  0.0013275
1.1246e+014  0.0013282
1.1259e+014  0.0013288
1.1273e+014  0.0013295
1.1286e+014  0.0013301
1.13e+014  0.0013307
1.1313e+014  0.0013314
1.1326e+014  0.001332
1.134e+014  0.0013326
1.1353e+014  0.0013333
1.1367e+014  0.0013339
1.138e+014  0.0013345
1.1393e+014  0.0013352
1.1407e+014  0.0013358
1.142e+014  0.0013364
1.1434e+014  0.0013371
1.1447e+014  0.0013377
1.1461e+014  0.0013383
1.1474e+014  0.0013389
1.1487e+014  0.0013396
1.1501e+014  0.0013402
1.1514e+014  0.0013408
1.1528e+014  0.0013414
1.1541e+014  0.001342
1.1554e+014  0.0013426
1.1568e+014  0.0013432
1.1581e+014  0.0013439
1.1595e+014  0.0013445
1.1608e+014  0.0013451
1.1622e+014  0.0013457
1.1635e+014  0.0013463
1.1648e+014  0.0013469
1.1662e+014  0.0013475
1.1675e+014  0.0013481
1.1689e+014  0.0013487
1.1702e+014  0.0013493
1.1715e+014  0.0013499
1.1729e+014  0.0013505
1.1742e+014  0.0013511
1.1756e+014  0.0013517
1.1769e+014  0.0013522
1.1783e+014  0.0013528
1.1796e+014  0.0013534
1.1809e+014  0.001354
1.1823e+014  0.0013546
1.1836e+014  0.0013552
1.185e+014  0.0013558
1.1863e+014  0.0013563
1.1876e+014  0.0013569
1.189e+014  0.0013575
1.1903e+014  0.0013581
1.1917e+014  0.0013587
1.193e+014  0.0013592
1.1944e+014  0.0013598
1.1957e+014  0.0013604
1.197e+014  0.001361
1.1984e+014  0.0013615
1.1997e+014  0.0013621
1.2011e+014  0.0013627
1.2024e+014  0.0013632
1.2037e+014  0.0013638
1.2051e+014  0.0013644
1.2064e+014  0.0013649
1.2078e+014  0.0013655
1.2091e+014  0.001366
1.2105e+014  0.0013666
1.2118e+014  0.0013672
1.2131e+014  0.0013677
1.2145e+014  0.0013683
1.2158e+014  0.0013688
1.2172e+014  0.0013694
1.2185e+014  0.0013699
1.2198e+014  0.0013705
1.2212e+014  0.001371
1.2225e+014  0.0013716
1.2239e+014  0.0013721
1.2252e+014  0.0013727
1.2266e+014  0.0013732
1.2279e+014  0.0013737
1.2292e+014  0.0013743
1.2306e+014  0.0013748
1.2319e+014  0.0013754
1.2333e+014  0.0013759
1.2346e+014  0.0013764
1.2359e+014  0.001377
1.2373e+014  0.0013775
1.2386e+014  0.001378
1.24e+014  0.0013786
1.2413e+014  0.0013791
1.2427e+014  0.0013796
1.244e+014  0.0013802
1.2453e+014  0.0013807
1.2467e+014  0.0013812
1.248e+014  0.0013817
1.2494e+014  0.0013823
1.2507e+014  0.0013828
1.252e+014  0.0013833
1.2534e+014  0.0013838
1.2547e+014  0.0013844
1.2561e+014  0.0013849
1.2574e+014  0.0013854
1.2588e+014  0.0013859
1.2601e+014  0.0013864
1.2614e+014  0.0013869
1.2628e+014  0.0013875
1.2641e+014  0.001388
1.2655e+014  0.0013885
1.2668e+014  0.001389
1.2681e+014  0.0013895
1.2695e+014  0.00139
1.2708e+014  0.0013905
1.2722e+014  0.001391
1.2735e+014  0.0013915
1.2749e+014  0.001392
1.2762e+014  0.0013925
1.2775e+014  0.001393
1.2789e+014  0.0013935
1.2802e+014  0.001394
1.2816e+014  0.0013945
1.2829e+014  0.001395
1.2842e+014  0.0013955
1.2856e+014  0.001396
1.2869e+014  0.0013965
1.2883e+014  0.001397
1.2896e+014  0.0013975
1.291e+014  0.001398
1.2923e+014  0.0013985
1.2936e+014  0.001399
1.295e+014  0.0013995
1.2963e+014  0.0013999
1.2977e+014  0.0014004
1.299e+014  0.0014009
1.3003e+014  0.0014014
1.3017e+014  0.0014019
1.303e+014  0.0014024
1.3044e+014  0.0014028
1.3057e+014  0.0014033
1.3071e+014  0.0014038
1.3084e+014  0.0014043
1.3097e+014  0.0014048
1.3111e+014  0.0014052
1.3124e+014  0.0014057
1.3138e+014  0.0014062
1.3151e+014  0.0014067
1.3164e+014  0.0014071
1.3178e+014  0.0014076
1.3191e+014  0.0014081
1.3205e+014  0.0014085
1.3218e+014  0.001409
1.3232e+014  0.0014095
1.3245e+014  0.0014099
1.3258e+014  0.0014104
1.3272e+014  0.0014109
1.3285e+014  0.0014113
1.3299e+014  0.0014118
1.3312e+014  0.0014123
1.3325e+014  0.0014127
1.3339e+014  0.0014132
1.3352e+014  0.0014136
1.3366e+014  0.0014141
1.3379e+014  0.0014145
1.3393e+014  0.001415
1.3406e+014  0.0014155
1.3419e+014  0.0014159
1.3433e+014  0.0014164
1.3446e+014  0.0014168
1.346e+014  0.0014173
1.3473e+014  0.0014177
1.3486e+014  0.0014182
1.35e+014  0.0014186
1.3513e+014  0.0014191
1.3527e+014  0.0014195
1.354e+014  0.00142
1.3554e+014  0.0014204
1.3567e+014  0.0014209
1.358e+014  0.0014213
1.3594e+014  0.0014217
1.3607e+014  0.0014222
1.3621e+014  0.0014226
1.3634e+014  0.0014231
1.3647e+014  0.0014235
1.3661e+014  0.0014239
1.3674e+014  0.0014244
1.3688e+014  0.0014248
1.3701e+014  0.0014253
1.3715e+014  0.0014257
1.3728e+014  0.0014261
1.3741e+014  0.0014266
1.3755e+014  0.001427
1.3768e+014  0.0014274
1.3782e+014  0.0014279
1.3795e+014  0.0014283
1.3808e+014  0.0014287
1.3822e+014  0.0014291
1.3835e+014  0.0014296
1.3849e+014  0.00143
1.3862e+014  0.0014304
1.3876e+014  0.0014308
1.3889e+014  0.0014313
1.3902e+014  0.0014317
1.3916e+014  0.0014321
1.3929e+014  0.0014325
1.3943e+014  0.001433
1.3956e+014  0.0014334
1.3969e+014  0.0014338
1.3983e+014  0.0014342
1.3996e+014  0.0014346
1.401e+014  0.001435
1.4023e+014  0.0014355
1.4037e+014  0.0014359
1.405e+014  0.0014363
1.4063e+014  0.0014367
1.4077e+014  0.0014371
1.409e+014  0.0014375
1.4104e+014  0.0014379
1.4117e+014  0.0014384
1.4131e+014  0.0014388
1.4144e+014  0.0014392
1.4157e+014  0.0014396
1.4171e+014  0.00144
1.4184e+014  0.0014404
1.4198e+014  0.0014408
1.4211e+014  0.0014412
1.4224e+014  0.0014416
1.4238e+014  0.001442
1.4251e+014  0.0014424
1.4265e+014  0.0014428
1.4278e+014  0.0014432
1.4292e+014  0.0014436
1.4305e+014  0.001444
1.4318e+014  0.0014444
1.4332e+014  0.0014448
1.4345e+014  0.0014452
1.4359e+014  0.0014456
1.4372e+014  0.001446
1.4385e+014  0.0014464
1.4399e+014  0.0014468
1.4412e+014  0.0014472
1.4426e+014  0.0014476
1.4439e+014  0.001448
1.4453e+014  0.0014484
1.4466e+014  0.0014488
1.4479e+014  0.0014492
1.4493e+014  0.0014495
