0.000000000000000000e+00 2.410427851729513016e+00
1.097401473872062225e+11 2.410716000384245383e+00
2.194802947744124451e+11 2.411004149038977751e+00
3.292204421616186523e+11 2.411292297693710118e+00
4.389605895488248901e+11 2.411580446348442930e+00
5.487007369360310669e+11 2.411868595003175297e+00
6.584408843232373047e+11 2.412156743657907665e+00
7.681810317104434814e+11 2.412444892312640032e+00
8.779211790976497803e+11 2.412733040967372844e+00
9.876613264848558350e+11 2.413021189622105211e+00
1.097401473872062134e+12 2.413309338276837579e+00
1.207141621259268311e+12 2.413597486931569946e+00
1.316881768646474609e+12 2.413885635586302758e+00
1.426621916033680420e+12 2.414173784241035126e+00
1.536362063420886963e+12 2.414461932895767493e+00
1.646102210808092773e+12 2.414750081550500305e+00
1.755842358195299561e+12 2.415038230205232672e+00
1.865582505582505371e+12 2.415326378859965040e+00
1.975322652969711670e+12 2.415614527514697407e+00
2.085062800356917969e+12 2.415902676169430219e+00
2.194802947744124268e+12 2.416190824824162586e+00
2.304543095131330566e+12 2.416478973478894954e+00
2.414283242518536621e+12 2.416767122133627321e+00
2.524023389905742676e+12 2.417055270788360133e+00
2.633763537292949219e+12 2.417343419443092500e+00
2.743503684680155273e+12 2.417631568097824868e+00
2.853243832067360840e+12 2.417919716752557235e+00
2.962983979454567383e+12 2.418207865407290047e+00
3.072724126841773926e+12 2.418498566317566212e+00
3.182464274228979492e+12 2.418800724270371738e+00
3.292204421616185547e+12 2.419115273745593431e+00
3.401944569003392578e+12 2.419442416534200113e+00
3.511684716390599121e+12 2.419782365536572666e+00
3.621424863777804199e+12 2.420135341256492101e+00
3.731165011165010742e+12 2.420501573609183499e+00
3.840905158552216797e+12 2.420881311246552592e+00
3.950645305939423340e+12 2.421274808954836377e+00
4.060385453326630859e+12 2.421682326898453752e+00
4.170125600713835938e+12 2.422104152213844674e+00
4.279865748101042480e+12 2.422540566472478396e+00
4.389605895488248535e+12 2.422991890900006773e+00
4.499346042875454102e+12 2.423458428934139430e+00
4.609086190262661133e+12 2.423940520064808535e+00
4.718826337649867188e+12 2.424438520052113244e+00
4.828566485037073242e+12 2.424952786412275518e+00
4.938306632424279297e+12 2.425483703686572845e+00
5.048046779811485352e+12 2.426031666045981527e+00
5.157786927198691406e+12 2.426597098198238545e+00
5.267527074585898438e+12 2.427180433119603631e+00
5.377267221973103516e+12 2.427782114162775340e+00
5.487007369360310547e+12 2.428402650474870139e+00
5.596747516747515625e+12 2.429042500356630718e+00
5.706487664134721680e+12 2.429702239610857628e+00
5.816227811521928711e+12 2.430382363605679163e+00
5.925967958909134766e+12 2.431083472551673452e+00
6.035708106296341797e+12 2.431806136431497123e+00
6.145448253683547852e+12 2.432551037987090936e+00
6.255188401070753906e+12 2.433318806097385156e+00
6.364928548457958984e+12 2.434110108234790015e+00
6.474668695845166016e+12 2.434925689452696052e+00
6.584408843232371094e+12 2.435766305582928393e+00
6.694148990619578125e+12 2.436632722064882461e+00
6.803889138006785156e+12 2.437525809457010695e+00
6.913629285393990234e+12 2.438446450347907746e+00
7.023369432781198242e+12 2.439395569437429412e+00
7.133109580168404297e+12 2.440374143455247946e+00
7.242849727555608398e+12 2.441383088936560863e+00
7.352589874942816406e+12 2.442423517489662022e+00
7.462330022330021484e+12 2.443496642898849824e+00
7.572070169717228516e+12 2.444603667225644372e+00
7.681810317104433594e+12 2.445745756630686163e+00
7.791550464491641602e+12 2.446924050322838440e+00
7.901290611878846680e+12 2.448140384098623556e+00
8.011030759266052734e+12 2.449395874997522871e+00
8.120770906653261719e+12 2.450692136644481156e+00
8.230511054040463867e+12 2.452030844950799260e+00
8.340251201427671875e+12 2.453413674942623857e+00
8.449991348814876953e+12 2.454842338564497961e+00
8.559731496202084961e+12 2.456319400436485889e+00
8.669471643589291016e+12 2.457845927626304050e+00
8.779211790976497070e+12 2.459425137715577137e+00
8.888951938363703125e+12 2.461058698399003042e+00
8.998692085750908203e+12 2.462749124273841961e+00
9.108432233138115234e+12 2.464499143100387535e+00
9.218172380525322266e+12 2.466311567480010236e+00
9.327912527912527344e+12 2.468189272574809578e+00
9.437652675299734375e+12 2.470135163158246883e+00
9.547392822686937500e+12 2.472153416638871004e+00
9.657132970074146484e+12 2.474247174213137335e+00
9.766873117461351562e+12 2.476419799325427551e+00
9.876613264848558594e+12 2.478676426984010472e+00
9.986353412235765625e+12 2.481021013806388176e+00
1.009609355962297070e+13 2.483457540104521577e+00
1.020583370701017773e+13 2.485991995690199019e+00
1.031557385439738281e+13 2.488630679976217230e+00
1.042531400178458789e+13 2.491378339255409191e+00
1.053505414917179688e+13 2.494241454785126155e+00
1.064479429655900195e+13 2.497226880092275447e+00
1.075453444394620703e+13 2.500341826641029552e+00
1.086427459133341406e+13 2.503596381469653576e+00
1.097401473872062109e+13 2.506998611264577459e+00
1.108375488610782617e+13 2.510556255184052343e+00
1.119349503349503125e+13 2.514278382403149603e+00
1.130323518088224023e+13 2.518184734892568333e+00
1.141297532826944336e+13 2.522277233288670484e+00
1.152271547565665039e+13 2.526578003583307197e+00
1.163245562304385742e+13 2.531094092274627005e+00
1.174219577043106445e+13 2.535852389019383590e+00
1.185193591781826953e+13 2.540858517233714586e+00
1.196167606520547656e+13 2.546144060820120902e+00
1.207141621259268359e+13 2.551728187999968256e+00
1.218115635997988867e+13 2.557630195746164237e+00
1.229089650736709570e+13 2.563878566699330452e+00
1.240063665475430078e+13 2.570512161397294548e+00
1.251037680214150781e+13 2.577566237718502684e+00
1.262011694952871484e+13 2.585074012520715225e+00
1.272985709691591797e+13 2.593080439428530948e+00
1.283959724430312695e+13 2.601636272684155760e+00
1.294933739169033203e+13 2.610798930348773084e+00
1.305907753907753906e+13 2.620633474928185880e+00
1.316881768646474219e+13 2.631213707429369997e+00
1.327855783385195117e+13 2.642623350145103966e+00
1.338829798123915625e+13 2.654981268488917134e+00
1.349803812862636328e+13 2.668417673869907691e+00
1.360777827601357031e+13 2.683046282866393017e+00
1.371751842340077539e+13 2.699019077332139194e+00
1.382725857078798047e+13 2.716508435670730304e+00
1.393699871817518945e+13 2.735896464281613483e+00
1.404673886556239648e+13 2.757357504727928621e+00
1.415647901294959961e+13 2.781158340651717520e+00
1.426621916033680859e+13 2.808003767901656289e+00
1.437595930772401367e+13 2.838253649721243388e+00
1.448569945511121680e+13 2.872523346387692467e+00
1.459543960249842383e+13 2.912204222953272748e+00
1.470517974988563281e+13 2.957641907281900906e+00
1.481491989727283789e+13 3.011903726071158527e+00
1.492466004466004297e+13 3.075336684906237128e+00
1.503440019204725000e+13 3.153909293620718035e+00
1.514414033943445703e+13 3.249316239697039865e+00
1.525388048682166211e+13 3.373053104516021250e+00
1.536362063420886719e+13 3.534553193911770030e+00
1.547336078159607422e+13 3.757289425601229027e+00
1.558310092898328320e+13 4.097975023831740060e+00
1.569284107637048633e+13 4.649258555795430681e+00
1.580258122375769336e+13 5.892629680280204063e+00
1.591232137114489844e+13 4.077640182814056935e+00
1.602206151853210547e+13 6.479758803897408482e-21
1.613180166591931250e+13 1.644194429001463652e-22
1.624154181330652344e+13 9.084393949406996291e-23
1.635128196069372461e+13 6.339298766016794226e-23
1.646102210808092773e+13 5.201600269401474775e-23
1.657076225546813672e+13 5.044278690510283255e-23
1.668050240285534375e+13 7.246379256229600052e-02
1.679024255024254883e+13 6.143448403499218724e-01
1.689998269762975391e+13 9.862062606845597434e-01
1.700972284501695703e+13 1.197941848812043020e+00
1.711946299240416992e+13 1.344721571284664741e+00
1.722920313979137305e+13 1.454614818910541230e+00
1.733894328717858203e+13 1.540678245728032358e+00
1.744868343456578711e+13 1.609488219855355728e+00
1.755842358195299414e+13 1.666443685116526741e+00
1.766816372934019922e+13 1.714543820669454988e+00
1.777790387672740625e+13 1.755702668604566474e+00
1.788764402411460938e+13 1.791310913933450655e+00
1.799738417150181641e+13 1.822405401275112302e+00
1.810712431888902344e+13 1.849775879688214886e+00
1.821686446627623047e+13 1.874034839147476594e+00
1.832660461366343750e+13 1.895664669549695702e+00
1.843634476105064453e+13 1.915050367793353914e+00
1.854608490843784375e+13 1.932502746186056664e+00
1.865582505582505469e+13 1.948275230284733484e+00
1.876556520321226172e+13 1.962576229927262883e+00
1.887530535059946875e+13 1.975578391768959996e+00
1.898504549798667188e+13 1.987401815817870565e+00
1.909478564537387500e+13 1.998111571052682889e+00
1.920452579276108594e+13 2.007892572426595912e+00
1.931426594014829297e+13 2.016828499619892412e+00
1.942400608753550391e+13 2.024989356983015742e+00
1.953374623492270312e+13 2.032433508162704072e+00
1.964348638230991016e+13 2.039209322771375898e+00
1.975322652969711719e+13 2.045356562996058170e+00
1.986296667708432031e+13 2.050877701228730476e+00
1.997270682447153125e+13 2.055711737359320335e+00
2.008244697185873438e+13 2.059980458582299168e+00
2.019218711924594141e+13 2.063689063796401157e+00
2.030192726663314844e+13 2.066836905765932819e+00
2.041166741402035547e+13 2.069419217378067888e+00
2.052140756140756250e+13 2.071209289280236288e+00
2.063114770879476562e+13 2.072304686368039217e+00
2.074088785618197266e+13 2.072679465998292780e+00
2.085062800356917578e+13 2.072278497445219525e+00
2.096036815095638281e+13 2.070777267589448911e+00
2.107010829834359375e+13 2.067880950611508784e+00
2.117984844573079688e+13 2.063588967196138935e+00
2.128958859311800391e+13 2.057714968334767303e+00
2.139932874050521094e+13 2.048881039350211708e+00
2.150906888789241406e+13 2.036119924724570041e+00
2.161880903527962109e+13 2.018784215420227568e+00
2.172854918266682812e+13 1.995020456348735927e+00
2.183828933005403516e+13 1.952897469570116229e+00
2.194802947744124219e+13 1.882111418674417891e+00
2.205776962482844922e+13 1.779675302143682858e+00
2.216750977221565234e+13 1.286310760518202256e+00
2.227724991960285938e+13 2.022576259212975902e+00
2.238699006699006250e+13 3.985196411617758727e+00
2.249673021437726953e+13 3.130283908267799120e+00
2.260647036176448047e+13 2.594460966650155243e+00
2.271621050915168359e+13 2.471815681563792833e+00
2.282595065653888672e+13 2.416496788525021255e+00
2.293569080392609766e+13 2.376086559200925930e+00
2.304543095131330078e+13 2.351443381057093607e+00
2.315517109870050781e+13 2.333984452694561451e+00
2.326491124608771484e+13 2.319852158358269634e+00
2.337465139347492188e+13 2.310534697830089357e+00
2.348439154086212891e+13 2.302523304903039136e+00
2.359413168824933203e+13 2.296262430880879002e+00
2.370387183563653906e+13 2.291432266543961926e+00
2.381361198302374609e+13 2.287137579112775043e+00
2.392335213041095312e+13 2.284067118806162533e+00
2.403309227779816016e+13 2.281261251183163807e+00
2.414283242518536719e+13 2.279068229422017922e+00
2.425257257257257031e+13 2.277211080106517738e+00
2.436231271995977734e+13 2.275642525949479911e+00
2.447205286734698438e+13 2.274413339616294216e+00
2.458179301473419141e+13 2.273300020103160346e+00
2.469153316212139453e+13 2.272499066619156238e+00
2.480127330950860156e+13 2.271742223085908563e+00
2.491101345689580859e+13 2.271221971953333529e+00
2.502075360428301562e+13 2.270738472007507003e+00
2.513049375167022266e+13 2.270412552452015564e+00
2.524023389905742969e+13 2.270127678203107457e+00
2.534997404644463281e+13 2.269951156262751901e+00
2.545971419383183594e+13 2.269812514309354601e+00
2.556945434121904297e+13 2.269751510263220418e+00
2.567919448860625391e+13 2.269721675465556476e+00
2.578893463599345703e+13 2.269750286855515942e+00
2.589867478338066406e+13 2.269802106453391755e+00
2.600841493076787109e+13 2.269900293454715001e+00
2.611815507815507812e+13 2.270013807840909781e+00
2.622789522554228125e+13 2.270165908537868482e+00
2.633763537292948438e+13 2.270326284010351525e+00
2.644737552031669922e+13 2.270519952009044662e+00
2.655711566770390234e+13 2.270716063789462336e+00
2.666685581509110938e+13 2.270941495112564823e+00
2.677659596247831250e+13 2.271166926435666866e+00
2.688633610986552344e+13 2.271414299984729102e+00
2.699607625725272656e+13 2.271663661932535661e+00
2.710581640463992969e+13 2.271925689835192053e+00
2.721555655202714062e+13 2.272192693295016497e+00
2.732529669941434766e+13 2.272465719081274482e+00
2.743503684680155078e+13 2.272745294315837494e+00
2.754477699418875781e+13 2.273026555884621658e+00
2.765451714157596094e+13 2.273314604025627794e+00
2.776425728896316406e+13 2.273602652166633487e+00
2.787399743635037891e+13 2.273895217997694562e+00
2.798373758373758203e+13 2.274188418640588516e+00
2.809347773112479297e+13 2.274482876844667878e+00
2.820321787851199609e+13 2.274778537707691672e+00
2.831295802589919922e+13 2.275074226576736081e+00
2.842269817328640625e+13 2.275370165040701664e+00
2.853243832067361719e+13 2.275666103504667692e+00
2.864217846806081250e+13 2.275961081738274938e+00
2.875191861544802734e+13 2.276255530789166315e+00
2.886165876283523828e+13 2.276549567841436694e+00
2.897139891022243359e+13 2.276841100863153944e+00
2.908113905760964453e+13 2.277132633884871193e+00
2.919087920499684766e+13 2.277421772873554406e+00
2.930061935238405469e+13 2.277709243124862670e+00
2.941035949977126562e+13 2.277996713376170934e+00
2.952009964715846875e+13 2.278279268746872699e+00
2.962983979454567578e+13 2.278561760366948352e+00
2.973957994193287891e+13 2.278842349285788771e+00
2.984932008932008594e+13 2.279119137416671936e+00
2.995906023670728906e+13 2.279395925547555546e+00
3.006880038409450000e+13 2.279668782793477622e+00
3.017854053148170312e+13 2.279939300960891480e+00
3.028828067886891406e+13 2.280209819128304893e+00
3.039802082625612500e+13 2.280474533603923604e+00
3.050776097364332422e+13 2.280738346913091075e+00
3.061750112103052734e+13 2.281001823492420311e+00
3.072724126841773438e+13 2.281258606509756426e+00
3.083698141580493750e+13 2.281515389527092541e+00
3.094672156319214844e+13 2.281770922293807846e+00
3.105646171057935547e+13 2.282020440725181398e+00
3.116620185796656641e+13 2.282269959156554950e+00
3.127594200535376953e+13 2.282517722835907481e+00
3.138568215274097266e+13 2.282759818296589138e+00
3.149542230012817969e+13 2.283001913757270795e+00
3.160516244751538672e+13 2.283242213258964703e+00
3.171490259490258984e+13 2.283476790573188531e+00
3.182464274228979688e+13 2.283711367887412358e+00
3.193438288967700391e+13 2.283944602454925032e+00
3.204412303706421094e+13 2.284171619034351508e+00
3.215386318445141797e+13 2.284398635613777540e+00
3.226360333183862500e+13 2.284625270642211436e+00
3.237334347922582812e+13 2.284844727579951051e+00
3.248308362661304688e+13 2.285064184517690666e+00
3.259282377400024219e+13 2.285283641455429837e+00
3.270256392138744922e+13 2.285496664010037815e+00
3.281230406877465625e+13 2.285708598595877383e+00
3.292204421616185547e+13 2.285920533181717396e+00
3.303178436354906641e+13 2.286128068898130028e+00
3.314152451093627344e+13 2.286332548315352486e+00
3.325126465832348438e+13 2.286537027732574501e+00
3.336100480571068750e+13 2.286739650432973558e+00
3.347074495309789453e+13 2.286936766440867519e+00
3.358048510048509766e+13 2.287133882448761035e+00
3.369022524787230469e+13 2.287330998456654996e+00
3.379996539525950781e+13 2.287522028533830465e+00
3.390970554264671875e+13 2.287711892975058614e+00
3.401944569003391406e+13 2.287901757416286319e+00
3.412918583742112891e+13 2.288089137241340776e+00
3.423892598480833984e+13 2.288271878241577628e+00
3.434866613219554688e+13 2.288454619241814481e+00
3.445840627958274609e+13 2.288637360242051777e+00
3.456814642696995703e+13 2.288814668417281428e+00
3.467788657435716406e+13 2.288990427167441055e+00
3.478762672174435938e+13 2.289166185917600682e+00
3.489736686913157422e+13 2.289341095283168315e+00
3.500710701651878125e+13 2.289510023313138021e+00
3.511684716390598828e+13 2.289678951343107727e+00
3.522658731129319531e+13 2.289847879373076989e+00
3.533632745868039844e+13 2.290014241446137966e+00
3.544606760606760156e+13 2.290176498314153264e+00
3.555580775345481250e+13 2.290338755182168562e+00
3.566554790084201562e+13 2.290501012050184304e+00
3.577528804822921875e+13 2.290659652623228126e+00
3.588502819561642188e+13 2.290815403957479734e+00
3.599476834300363281e+13 2.290971155291731343e+00
3.610450849039083594e+13 2.291126906625982951e+00
3.621424863777804688e+13 2.291278635767827421e+00
3.632398878516525000e+13 2.291428051607152572e+00
3.643372893255246094e+13 2.291577467446477723e+00
3.654346907993966406e+13 2.291726883285802874e+00
3.665320922732687500e+13 2.291872489385202716e+00
3.676294937471407812e+13 2.292015742774190734e+00
3.687268952210128906e+13 2.292158996163178752e+00
3.698242966948849219e+13 2.292302249552167215e+00
3.709216981687568750e+13 2.292442494813445641e+00
3.720190996426289844e+13 2.292579760614303019e+00
3.731165011165010938e+13 2.292717026415160397e+00
3.742139025903731250e+13 2.292854292216017331e+00
3.753113040642452344e+13 2.292989909329760767e+00
3.764087055381172656e+13 2.293121363219125630e+00
3.775061070119893750e+13 2.293252817108490049e+00
3.786035084858614062e+13 2.293384270997854468e+00
3.797009099597334375e+13 2.293515724887219331e+00
3.807983114336055469e+13 2.293641778384750918e+00
3.818957129074775000e+13 2.293767596008513543e+00
3.829931143813496875e+13 2.293893413632276168e+00
3.840905158552217188e+13 2.294019231256039237e+00
3.851879173290938281e+13 2.294142199596633791e+00
3.862853188029658594e+13 2.294262555859895247e+00
3.873827202768378906e+13 2.294382912123156704e+00
3.884801217507100781e+13 2.294503268386418604e+00
3.895775232245820312e+13 2.294623624649680060e+00
3.906749246984540625e+13 2.294738851487921671e+00
3.917723261723261719e+13 2.294853919960634592e+00
3.928697276461982031e+13 2.294968988433347512e+00
3.939671291200702344e+13 2.295084056906060876e+00
3.950645305939423438e+13 2.295197597705392667e+00
3.961619320678144531e+13 2.295307550127105856e+00
3.972593335416864062e+13 2.295417502548819044e+00
3.983567350155585938e+13 2.295527454970532233e+00
3.994541364894306250e+13 2.295637407392245422e+00
4.005515379633025781e+13 2.295744873749041126e+00
4.016489394371746875e+13 2.295849879618592659e+00
4.027463409110467969e+13 2.295954885488144193e+00
4.038437423849188281e+13 2.296059891357695726e+00
4.049411438587909375e+13 2.296164897227247259e+00
4.060385453326629688e+13 2.296267145513895880e+00
4.071359468065350000e+13 2.296367371751944830e+00
4.082333482804071094e+13 2.296467597989993781e+00
4.093307497542791406e+13 2.296567824228042731e+00
4.104281512281512500e+13 2.296668050466091682e+00
4.115255527020232031e+13 2.296765893435189998e+00
4.126229541758953125e+13 2.296861504109212415e+00
4.137203556497674219e+13 2.296957114783235276e+00
4.148177571236394531e+13 2.297052725457257694e+00
4.159151585975115625e+13 2.297148336131280111e+00
4.170125600713835156e+13 2.297242542755075334e+00
4.181099615452556250e+13 2.297333698857927597e+00
4.192073630191276562e+13 2.297424854960779417e+00
4.203047644929997656e+13 2.297516011063631236e+00
4.214021659668718750e+13 2.297607167166483499e+00
4.224995674407439062e+13 2.297698323269335319e+00
4.235969689146159375e+13 2.297785322105606820e+00
4.246943703884879688e+13 2.297872181380001599e+00
4.257917718623600781e+13 2.297959040654395935e+00
4.268891733362321094e+13 2.298045899928790270e+00
4.279865748101042188e+13 2.298132759203185049e+00
4.290839762839763281e+13 2.298217683712014736e+00
4.301813777578482812e+13 2.298300400514341479e+00
4.312787792317203906e+13 2.298383117316668667e+00
4.323761807055924219e+13 2.298465834118995854e+00
4.334735821794645312e+13 2.298548550921323042e+00
4.345709836533365625e+13 2.298631267723649785e+00
4.356683851272085938e+13 2.298710762670272967e+00
4.367657866010807031e+13 2.298789487868090564e+00
4.378631880749527344e+13 2.298868213065908606e+00
4.389605895488248438e+13 2.298946938263726203e+00
4.400579910226968750e+13 2.299025663461544244e+00
4.411553924965689844e+13 2.299104388659361842e+00
4.422527939704409375e+13 2.299179343396194675e+00
4.433501954443130469e+13 2.299254224294510429e+00
4.444475969181851562e+13 2.299329105192826628e+00
4.455449983920571875e+13 2.299403986091142382e+00
4.466423998659292969e+13 2.299478866989458581e+00
4.477398013398012500e+13 2.299553747887774335e+00
4.488372028136733594e+13 2.299625000319333701e+00
4.499346042875453906e+13 2.299696180611459084e+00
4.510320057614175000e+13 2.299767360903584468e+00
4.521294072352896094e+13 2.299838541195709851e+00
4.532268087091616406e+13 2.299909721487835235e+00
4.543242101830336719e+13 2.299980901779960618e+00
4.554216116569057031e+13 2.300049239353428643e+00
4.565190131307777344e+13 2.300116859092768085e+00
4.576164146046498438e+13 2.300184478832107526e+00
4.587138160785219531e+13 2.300252098571446524e+00
4.598112175523940625e+13 2.300319718310785966e+00
4.609086190262660156e+13 2.300387338050125408e+00
4.620060205001381250e+13 2.300453498895958404e+00
4.631034219740101562e+13 2.300517694485585629e+00
4.642008234478823438e+13 2.300581890075212854e+00
4.652982249217542969e+13 2.300646085664840079e+00
4.663956263956263281e+13 2.300710281254467304e+00
4.674930278694984375e+13 2.300774476844094529e+00
4.685904293433704688e+13 2.300838672433721754e+00
4.696878308172425781e+13 2.300900055224909480e+00
4.707852322911146094e+13 2.300960959422212238e+00
4.718826337649866406e+13 2.301021863619515440e+00
4.729800352388587500e+13 2.301082767816818642e+00
4.740774367127307812e+13 2.301143672014121400e+00
4.751748381866028906e+13 2.301204576211424602e+00
4.762722396604749219e+13 2.301265244799769683e+00
4.773696411343470312e+13 2.301322986733808751e+00
4.784670426082190625e+13 2.301380728667847819e+00
4.795644440820910938e+13 2.301438470601886888e+00
4.806618455559632031e+13 2.301496212535925956e+00
4.817592470298353125e+13 2.301553954469965024e+00
4.828566485037073438e+13 2.301611696404004093e+00
4.839540499775793750e+13 2.301669208432491676e+00
4.850514514514514062e+13 2.301723913632036655e+00
4.861488529253234375e+13 2.301778618831581191e+00
4.872462543991955469e+13 2.301833324031125727e+00
4.883436558730675781e+13 2.301888029230670263e+00
4.894410573469396875e+13 2.301942734430214799e+00
4.905384588208117969e+13 2.301997439629759334e+00
4.916358602946838281e+13 2.302052144829303870e+00
4.927332617685558594e+13 2.302104379933832767e+00
4.938306632424278906e+13 2.302156170364313859e+00
4.949280647163000000e+13 2.302207960794795394e+00
4.960254661901720312e+13 2.302259751225276485e+00
4.971228676640441406e+13 2.302311541655758020e+00
4.982202691379161719e+13 2.302363332086239112e+00
4.993176706117882031e+13 2.302415122516720647e+00
5.004150720856603125e+13 2.302465855289185903e+00
5.015124735595323438e+13 2.302514849397039320e+00
5.026098750334044531e+13 2.302563843504892294e+00
5.037072765072764062e+13 2.302612837612745711e+00
5.048046779811485938e+13 2.302661831720598684e+00
5.059020794550206250e+13 2.302710825828452101e+00
5.069994809288926562e+13 2.302759819936305519e+00
5.080968824027647656e+13 2.302808814044158492e+00
5.091942838766367188e+13 2.302856049648607240e+00
5.102916853505088281e+13 2.302902362411684667e+00
5.113890868243808594e+13 2.302948675174762094e+00
5.124864882982530469e+13 2.302994987937839522e+00
5.135838897721250781e+13 2.303041300700916949e+00
5.146812912459971094e+13 2.303087613463994821e+00
5.157786927198691406e+13 2.303133926227072248e+00
5.168760941937411719e+13 2.303180238990149675e+00
5.179734956676132812e+13 2.303224837359600041e+00
5.190708971414853125e+13 2.303268580342512362e+00
5.201682986153574219e+13 2.303312323325425126e+00
5.212657000892295312e+13 2.303356066308337891e+00
5.223631015631015625e+13 2.303399809291250211e+00
5.234605030369735938e+13 2.303443552274162975e+00
5.245579045108456250e+13 2.303487295257075740e+00
5.256553059847177344e+13 2.303531038239988504e+00
5.267527074585896875e+13 2.303573801176840075e+00
5.278501089324618750e+13 2.303615082590239282e+00
5.289475104063339844e+13 2.303656364003638046e+00
5.300449118802060156e+13 2.303697645417037254e+00
5.311423133540780469e+13 2.303738926830436018e+00
5.322397148279500781e+13 2.303780208243835226e+00
5.333371163018221875e+13 2.303821489657234434e+00
5.344345177756941406e+13 2.303862771070633197e+00
5.355319192495662500e+13 2.303904052484032405e+00
5.366293207234382031e+13 2.303943368875769782e+00
5.377267221973104688e+13 2.303982293638716872e+00
5.388241236711825000e+13 2.304021218401663962e+00
5.399215251450545312e+13 2.304060143164611496e+00
5.410189266189265625e+13 2.304099067927558586e+00
5.421163280927985938e+13 2.304137992690505676e+00
5.432137295666707031e+13 2.304176917453453211e+00
5.443111310405428125e+13 2.304215842216400301e+00
5.454085325144149219e+13 2.304254766979347835e+00
5.465059339882869531e+13 2.304291531332168574e+00
5.476033354621588281e+13 2.304328201136857768e+00
5.487007369360310156e+13 2.304364870941546517e+00
5.497981384099030469e+13 2.304401540746235710e+00
5.508955398837751562e+13 2.304438210550924460e+00
5.519929413576472656e+13 2.304474880355613653e+00
5.530903428315192188e+13 2.304511550160302846e+00
5.541877443053914062e+13 2.304548219964991596e+00
5.552851457792632812e+13 2.304584889769680789e+00
5.563825472531354688e+13 2.304619934511117130e+00
5.574799487270075781e+13 2.304654447889309843e+00
5.585773502008796094e+13 2.304688961267503000e+00
5.596747516747516406e+13 2.304723474645695713e+00
5.607721531486236719e+13 2.304757988023888871e+00
5.618695546224958594e+13 2.304792501402082028e+00
5.629669560963677344e+13 2.304827014780274741e+00
5.640643575702399219e+13 2.304861528158467898e+00
5.651617590441118750e+13 2.304896041536660611e+00
5.662591605179839844e+13 2.304930139065687555e+00
5.673565619918560938e+13 2.304962591456321430e+00
5.684539634657281250e+13 2.304995043846955749e+00
5.695513649396003125e+13 2.305027496237589624e+00
5.706487664134723438e+13 2.305059948628223943e+00
5.717461678873443750e+13 2.305092401018857817e+00
5.728435693612162500e+13 2.305124853409492136e+00
5.739409708350884375e+13 2.305157305800126011e+00
5.750383723089605469e+13 2.305189758190760330e+00
5.761357737828325781e+13 2.305222210581394204e+00
5.772331752567047656e+13 2.305254106702272043e+00
5.783305767305766406e+13 2.305284590519764976e+00
5.794279782044486719e+13 2.305315074337257908e+00
5.805253796783207031e+13 2.305345558154750396e+00
5.816227811521928906e+13 2.305376041972243328e+00
5.827201826260650000e+13 2.305406525789736261e+00
5.838175840999369531e+13 2.305437009607229193e+00
5.849149855738090625e+13 2.305467493424722125e+00
5.860123870476810938e+13 2.305497977242215057e+00
5.871097885215531250e+13 2.305528461059707990e+00
5.882071899954253125e+13 2.305558944877200922e+00
5.893045914692972656e+13 2.305587597703613323e+00
5.904019929431693750e+13 2.305616202406464144e+00
5.914993944170414062e+13 2.305644807109314964e+00
5.925967958909135156e+13 2.305673411812165785e+00
5.936941973647855469e+13 2.305702016515016606e+00
5.947915988386575781e+13 2.305730621217867427e+00
5.958890003125296094e+13 2.305759225920718247e+00
5.969864017864017188e+13 2.305787830623569068e+00
5.980838032602738281e+13 2.305816435326419889e+00
5.991812047341457812e+13 2.305845040029270709e+00
6.002786062080179688e+13 2.305873189644569887e+00
6.013760076818900000e+13 2.305900001803911525e+00
6.024734091557620312e+13 2.305926813963253164e+00
6.035708106296340625e+13 2.305953626122595246e+00
6.046682121035060938e+13 2.305980438281936884e+00
6.057656135773782812e+13 2.306007250441278522e+00
6.068630150512503906e+13 2.306034062600620160e+00
6.079604165251225000e+13 2.306060874759962243e+00
6.090578179989943750e+13 2.306087686919303881e+00
6.101552194728664844e+13 2.306114499078645519e+00
6.112526209467385156e+13 2.306141311237987157e+00
6.123500224206105469e+13 2.306167959705376802e+00
6.134474238944828125e+13 2.306193063073184835e+00
6.145448253683546875e+13 2.306218166440992867e+00
6.156422268422267969e+13 2.306243269808800900e+00
6.167396283160987500e+13 2.306268373176608932e+00
6.178370297899710938e+13 2.306293476544417409e+00
6.189344312638429688e+13 2.306318579912225442e+00
6.200318327377150000e+13 2.306343683280033474e+00
6.211292342115871094e+13 2.306368786647841507e+00
6.222266356854591406e+13 2.306393890015649539e+00
6.233240371593313281e+13 2.306418993383457572e+00
6.244214386332032812e+13 2.306444096751265604e+00
6.255188401070753906e+13 2.306468430516217527e+00
6.266162415809474219e+13 2.306491906092925426e+00
6.277136430548194531e+13 2.306515381669633324e+00
6.288110445286914844e+13 2.306538857246341223e+00
6.299084460025635938e+13 2.306562332823049566e+00
6.310058474764357031e+13 2.306585808399757465e+00
6.321032489503077344e+13 2.306609283976465363e+00
6.332006504241798438e+13 2.306632759553173262e+00
6.342980518980517969e+13 2.306656235129881161e+00
6.353954533719239062e+13 2.306679710706589059e+00
6.364928548457959375e+13 2.306703186283296958e+00
6.375902563196680469e+13 2.306726661860004857e+00
6.386876577935400781e+13 2.306749587079359731e+00
6.397850592674121094e+13 2.306771513180669420e+00
6.408824607412842188e+13 2.306793439281978664e+00
6.419798622151562500e+13 2.306815365383288352e+00
6.430772636890283594e+13 2.306837291484597596e+00
6.441746651629003906e+13 2.306859217585906840e+00
6.452720666367725000e+13 2.306881143687216529e+00
6.463694681106445312e+13 2.306903069788525773e+00
6.474668695845165625e+13 2.306924995889835461e+00
6.485642710583885938e+13 2.306946921991144706e+00
6.496616725322609375e+13 2.306968848092453950e+00
6.507590740061328125e+13 2.306990774193763638e+00
6.518564754800048438e+13 2.307012700295072882e+00
6.529538769538769531e+13 2.307033578927294659e+00
6.540512784277489844e+13 2.307054031250002524e+00
6.551486799016211719e+13 2.307074483572710832e+00
6.562460813754931250e+13 2.307094935895419141e+00
6.573434828493652344e+13 2.307115388218127006e+00
6.584408843232371094e+13 2.307135840540835314e+00
6.595382857971092969e+13 2.307156292863543179e+00
6.606356872709813281e+13 2.307176745186251487e+00
6.617330887448534375e+13 2.307197197508959796e+00
6.628304902187254688e+13 2.307217649831667661e+00
6.639278916925973438e+13 2.307238102154375969e+00
6.650252931664696875e+13 2.307258554477084278e+00
6.661226946403416406e+13 2.307279006799792143e+00
6.672200961142137500e+13 2.307298752769143313e+00
6.683174975880857812e+13 2.307317804455838228e+00
6.694148990619578906e+13 2.307336856142533144e+00
6.705123005358299219e+13 2.307355907829227615e+00
6.716097020097019531e+13 2.307374959515922530e+00
6.727071034835740625e+13 2.307394011202617445e+00
6.738045049574460938e+13 2.307413062889312361e+00
6.749019064313182031e+13 2.307432114576006832e+00
6.759993079051901562e+13 2.307451166262701747e+00
6.770967093790623438e+13 2.307470217949396663e+00
6.781941108529343750e+13 2.307489269636091578e+00
6.792915123268064062e+13 2.307508321322786049e+00
6.803889138006782812e+13 2.307527373009480964e+00
6.814863152745506250e+13 2.307546424696175880e+00
6.825837167484225781e+13 2.307564548600848475e+00
6.836811182222946094e+13 2.307582270303347727e+00
6.847785196961667969e+13 2.307599992005846534e+00
6.858759211700386719e+13 2.307617713708345786e+00
6.869733226439109375e+13 2.307635435410845037e+00
6.880707241177829688e+13 2.307653157113343845e+00
6.891681255916549219e+13 2.307670878815843096e+00
6.902655270655268750e+13 2.307688600518341904e+00
6.913629285393991406e+13 2.307706322220841155e+00
6.924603300132711719e+13 2.307724043923340407e+00
6.935577314871432812e+13 2.307741765625839214e+00
6.946551329610153125e+13 2.307759487328338466e+00
6.957525344348871875e+13 2.307777209030837717e+00
6.968499359087594531e+13 2.307794930733336525e+00
6.979473373826314844e+13 2.307812338641570982e+00
6.990447388565035156e+13 2.307828798583003493e+00
7.001421403303756250e+13 2.307845258524435561e+00
7.012395418042477344e+13 2.307861718465868073e+00
7.023369432781197656e+13 2.307878178407300584e+00
7.034343447519917969e+13 2.307894638348732652e+00
7.045317462258639062e+13 2.307911098290165164e+00
7.056291476997359375e+13 2.307927558231597231e+00
7.067265491736079688e+13 2.307944018173029743e+00
7.078239506474800000e+13 2.307960478114462255e+00
7.089213521213520312e+13 2.307976938055894323e+00
7.100187535952240625e+13 2.307993397997326834e+00
7.111161550690962500e+13 2.308009857938758902e+00
7.122135565429681250e+13 2.308026317880191414e+00
7.133109580168403125e+13 2.308042777821623925e+00
7.144083594907125000e+13 2.308059104109021487e+00
7.155057609645843750e+13 2.308074368144469091e+00
7.166031624384565625e+13 2.308089632179916251e+00
7.177005639123284375e+13 2.308104896215363855e+00
7.187979653862007812e+13 2.308120160250811459e+00
7.198953668600726562e+13 2.308135424286259063e+00
7.209927683339446875e+13 2.308150688321706667e+00
7.220901698078167188e+13 2.308165952357154271e+00
7.231875712816889062e+13 2.308181216392601875e+00
7.242849727555609375e+13 2.308196480428049036e+00
7.253823742294331250e+13 2.308211744463496640e+00
7.264797757033050000e+13 2.308227008498944244e+00
7.275771771771770312e+13 2.308242272534391848e+00
7.286745786510492188e+13 2.308257536569839452e+00
7.297719801249212500e+13 2.308272800605287056e+00
7.308693815987932812e+13 2.308288064640734660e+00
7.319667830726653125e+13 2.308303060944747020e+00
7.330641845465375000e+13 2.308317192620379821e+00
7.341615860204095312e+13 2.308331324296012621e+00
7.352589874942815625e+13 2.308345455971644977e+00
7.363563889681535938e+13 2.308359587647277777e+00
7.374537904420257812e+13 2.308373719322910578e+00
7.385511919158978125e+13 2.308387850998542934e+00
7.396485933897698438e+13 2.308401982674175734e+00
7.407459948636418750e+13 2.308416114349808534e+00
7.418433963375137500e+13 2.308430246025440891e+00
7.429407978113860938e+13 2.308444377701073691e+00
7.440381992852579688e+13 2.308458509376706491e+00
7.451356007591301562e+13 2.308472641052338847e+00
7.462330022330021875e+13 2.308486772727971648e+00
7.473304037068742188e+13 2.308500904403604448e+00
7.484278051807462500e+13 2.308515036079236804e+00
7.495252066546184375e+13 2.308529167754869604e+00
7.506226081284904688e+13 2.308542691764321475e+00
7.517200096023625000e+13 2.308555752374974457e+00
7.528174110762345312e+13 2.308568812985627439e+00
7.539148125501065625e+13 2.308581873596280420e+00
7.550122140239787500e+13 2.308594934206933402e+00
7.561096154978507812e+13 2.308607994817586828e+00
7.572070169717228125e+13 2.308621055428239810e+00
7.583044184455948438e+13 2.308634116038892792e+00
7.594018199194668750e+13 2.308647176649545774e+00
7.604992213933390625e+13 2.308660237260198755e+00
7.615966228672110938e+13 2.308673297870851737e+00
7.626940243410831250e+13 2.308686358481504719e+00
7.637914258149550000e+13 2.308699419092158145e+00
7.648888272888273438e+13 2.308712479702811127e+00
7.659862287626993750e+13 2.308725540313464109e+00
7.670836302365715625e+13 2.308738600924117090e+00
7.681810317104434375e+13 2.308751661534770072e+00
7.692784331843153125e+13 2.308764678192250397e+00
7.703758346581876562e+13 2.308776726837404425e+00
7.714732361320595312e+13 2.308788775482558453e+00
7.725706376059317188e+13 2.308800824127712481e+00
7.736680390798037500e+13 2.308812872772866509e+00
7.747654405536757812e+13 2.308824921418020981e+00
7.758628420275478125e+13 2.308836970063175009e+00
7.769602435014201562e+13 2.308849018708329037e+00
7.780576449752920312e+13 2.308861067353483065e+00
7.791550464491640625e+13 2.308873115998637093e+00
7.802524479230360938e+13 2.308885164643791121e+00
7.813498493969081250e+13 2.308897213288945149e+00
7.824472508707801562e+13 2.308909261934099177e+00
7.835446523446523438e+13 2.308921310579253205e+00
7.846420538185243750e+13 2.308933359224407234e+00
7.857394552923964062e+13 2.308945407869561262e+00
7.868368567662685938e+13 2.308957456514715734e+00
7.879342582401404688e+13 2.308969505159869762e+00
7.890316597140126562e+13 2.308981553805023790e+00
7.901290611878846875e+13 2.308993032112312882e+00
7.912264626617567188e+13 2.309004125750447223e+00
7.923238641356289062e+13 2.309015219388582008e+00
7.934212656095007812e+13 2.309026313026716792e+00
7.945186670833728125e+13 2.309037406664851133e+00
7.956160685572448438e+13 2.309048500302985918e+00
7.967134700311171875e+13 2.309059593941120703e+00
7.978108715049890625e+13 2.309070687579255043e+00
7.989082729788612500e+13 2.309081781217389828e+00
8.000056744527331250e+13 2.309092874855524613e+00
8.011030759266051562e+13 2.309103968493658954e+00
8.022004774004775000e+13 2.309115062131793739e+00
8.032978788743493750e+13 2.309126155769928523e+00
8.043952803482215625e+13 2.309137249408062864e+00
8.054926818220935938e+13 2.309148343046197649e+00
8.065900832959656250e+13 2.309159436684332434e+00
8.076874847698376562e+13 2.309170530322466774e+00
8.087848862437096875e+13 2.309181623960601559e+00
8.098822877175818750e+13 2.309192717598736344e+00
8.109796891914539062e+13 2.309203672715414157e+00
8.120770906653259375e+13 2.309213866216716315e+00
8.131744921391979688e+13 2.309224059718018474e+00
8.142718936130700000e+13 2.309234253219320632e+00
8.153692950869420312e+13 2.309244446720623234e+00
8.164666965608142188e+13 2.309254640221925392e+00
8.175640980346860938e+13 2.309264833723227550e+00
8.186614995085582812e+13 2.309275027224529708e+00
8.197589009824304688e+13 2.309285220725831866e+00
8.208563024563025000e+13 2.309295414227134025e+00
8.219537039301743750e+13 2.309305607728436183e+00
8.230511054040464062e+13 2.309315801229738341e+00
8.241485068779185938e+13 2.309325994731040499e+00
8.252459083517906250e+13 2.309336188232342657e+00
8.263433098256626562e+13 2.309346381733645259e+00
8.274407112995348438e+13 2.309356575234947417e+00
8.285381127734068750e+13 2.309366768736249576e+00
8.296355142472789062e+13 2.309376962237551734e+00
8.307329157211509375e+13 2.309387155738853892e+00
8.318303171950231250e+13 2.309397349240156050e+00
8.329277186688951562e+13 2.309407542741458208e+00
8.340251201427670312e+13 2.309417202114032897e+00
8.351225216166392188e+13 2.309426548311447558e+00
8.362199230905112500e+13 2.309435894508862663e+00
8.373173245643832812e+13 2.309445240706277325e+00
8.384147260382553125e+13 2.309454586903691986e+00
8.395121275121275000e+13 2.309463933101106647e+00
8.406095289859995312e+13 2.309473279298521753e+00
8.417069304598715625e+13 2.309482625495936414e+00
8.428043319337437500e+13 2.309491971693351076e+00
8.439017334076157812e+13 2.309501317890766181e+00
8.449991348814878125e+13 2.309510664088180842e+00
8.460965363553596875e+13 2.309520010285595504e+00
8.471939378292318750e+13 2.309529356483010609e+00
8.482913393031039062e+13 2.309538702680425271e+00
8.493887407769759375e+13 2.309548048877839932e+00
8.504861422508481250e+13 2.309557395075255037e+00
8.515835437247201562e+13 2.309566741272669699e+00
8.526809451985921875e+13 2.309576087470084360e+00
8.537783466724642188e+13 2.309585433667499466e+00
8.548757481463364062e+13 2.309594779864914127e+00
8.559731496202084375e+13 2.309604126062328788e+00
8.570705510940804688e+13 2.309613472259743894e+00
8.581679525679526562e+13 2.309622074475774056e+00
8.592653540418245312e+13 2.309630624214393357e+00
8.603627555156965625e+13 2.309639173953012214e+00
8.614601569895685938e+13 2.309647723691631516e+00
8.625575584634407812e+13 2.309656273430250373e+00
8.636549599373128125e+13 2.309664823168869230e+00
8.647523614111848438e+13 2.309673372907488531e+00
8.658497628850570312e+13 2.309681922646107388e+00
8.669471643589290625e+13 2.309690472384726689e+00
8.680445658328010938e+13 2.309699022123345546e+00
8.691419673066731250e+13 2.309707571861964848e+00
8.702393687805453125e+13 2.309716121600583705e+00
8.713367702544171875e+13 2.309724671339203006e+00
8.724341717282892188e+13 2.309733221077821863e+00
8.735315732021614062e+13 2.309741770816441164e+00
8.746289746760334375e+13 2.309750320555060021e+00
8.757263761499054688e+13 2.309758870293679323e+00
8.768237776237775000e+13 2.309767420032298180e+00
8.779211790976496875e+13 2.309775969770917481e+00
8.790185805715217188e+13 2.309784519509536338e+00
8.801159820453937500e+13 2.309793069248155639e+00
8.812133835192659375e+13 2.309801618986774496e+00
8.823107849931379688e+13 2.309810168725393797e+00
8.834081864670098438e+13 2.309817999627125307e+00
8.845055879408818750e+13 2.309825801811913770e+00
8.856029894147540625e+13 2.309833603996701790e+00
8.867003908886260938e+13 2.309841406181489809e+00
8.877977923624981250e+13 2.309849208366278273e+00
8.888951938363703125e+13 2.309857010551066292e+00
8.899925953102423438e+13 2.309864812735854311e+00
8.910899967841143750e+13 2.309872614920642775e+00
8.921873982579864062e+13 2.309880417105430794e+00
8.932847997318585938e+13 2.309888219290218814e+00
8.943822012057306250e+13 2.309896021475006833e+00
8.954796026796025000e+13 2.309903823659795297e+00
8.965770041534745312e+13 2.309911625844583316e+00
8.976744056273467188e+13 2.309919428029371335e+00
8.987718071012187500e+13 2.309927230214159799e+00
8.998692085750907812e+13 2.309935032398947818e+00
9.009666100489629688e+13 2.309942834583735838e+00
9.020640115228350000e+13 2.309950636768524301e+00
9.031614129967068750e+13 2.309958438953312321e+00
9.042588144705792188e+13 2.309966241138100340e+00
9.053562159444512500e+13 2.309974043322888804e+00
9.064536174183232812e+13 2.309981845507676823e+00
9.075510188921956250e+13 2.309989647692464843e+00
9.086484203660673438e+13 2.309997449877253306e+00
9.097458218399393750e+13 2.310004833988526407e+00
9.108432233138114062e+13 2.310011935630392088e+00
9.119406247876834375e+13 2.310019037272258213e+00
9.130380262615554688e+13 2.310026138914123894e+00
9.141354277354276562e+13 2.310033240555989575e+00
9.152328292092996875e+13 2.310040342197855257e+00
9.163302306831718750e+13 2.310047443839720938e+00
9.174276321570439062e+13 2.310054545481586619e+00
9.185250336309162500e+13 2.310061647123452300e+00
9.196224351047881250e+13 2.310068748765317981e+00
9.207198365786600000e+13 2.310075850407183662e+00
9.218172380525320312e+13 2.310082952049049343e+00
9.229146395264040625e+13 2.310090053690915024e+00
9.240120410002762500e+13 2.310097155332780705e+00
9.251094424741482812e+13 2.310104256974646386e+00
9.262068439480203125e+13 2.310111358616512067e+00
9.273042454218923438e+13 2.310118460258377748e+00
9.284016468957646875e+13 2.310125561900243429e+00
9.294990483696365625e+13 2.310132663542109110e+00
9.305964498435085938e+13 2.310139765183974792e+00
9.316938513173807812e+13 2.310146866825840473e+00
9.327912527912526562e+13 2.310153968467706154e+00
9.338886542651246875e+13 2.310161070109571835e+00
9.349860557389968750e+13 2.310168171751437516e+00
9.360834572128689062e+13 2.310175273393303197e+00
9.371808586867409375e+13 2.310182375035168878e+00
9.382782601606128125e+13 2.310189011890502186e+00
9.393756616344851562e+13 2.310195458150721137e+00
9.404730631083571875e+13 2.310201904410939644e+00
9.415704645822292188e+13 2.310208350671158151e+00
9.426678660561012500e+13 2.310214796931377101e+00
9.437652675299732812e+13 2.310221243191595608e+00
9.448626690038453125e+13 2.310227689451814559e+00
9.459600704777175000e+13 2.310234135712033066e+00
9.470574719515895312e+13 2.310240581972252016e+00
9.481548734254615625e+13 2.310247028232470523e+00
9.492522748993335938e+13 2.310253474492689030e+00
9.503496763732057812e+13 2.310259920752907981e+00
9.514470778470778125e+13 2.310266367013126487e+00
9.525444793209498438e+13 2.310272813273345438e+00
9.536418807948223438e+13 2.310279259533563945e+00
9.547392822686940625e+13 2.310285705793782896e+00
9.558366837425660938e+13 2.310292152054001402e+00
9.569340852164381250e+13 2.310298598314219909e+00
9.580314866903098438e+13 2.310305044574438860e+00
9.591288881641821875e+13 2.310311490834657366e+00
9.602262896380542188e+13 2.310317937094876317e+00
9.613236911119264062e+13 2.310324383355094824e+00
9.624210925857984375e+13 2.310330829615313775e+00
9.635184940596706250e+13 2.310337275875532281e+00
9.646158955335425000e+13 2.310343722135751232e+00
9.657132970074146875e+13 2.310350168395969739e+00
9.668106984812867188e+13 2.310356614656188246e+00
9.679080999551587500e+13 2.310362968245510462e+00
9.690055014290309375e+13 2.310368802478514283e+00
9.701029029029028125e+13 2.310374636711517660e+00
9.712003043767748438e+13 2.310380470944521480e+00
9.722977058506468750e+13 2.310386305177525301e+00
9.733951073245190625e+13 2.310392139410528678e+00
9.744925087983910938e+13 2.310397973643532499e+00
9.755899102722631250e+13 2.310403807876536320e+00
9.766873117461351562e+13 2.310409642109540140e+00
9.777847132200073438e+13 2.310415476342543517e+00
9.788821146938793750e+13 2.310421310575547338e+00
9.799795161677514062e+13 2.310427144808551159e+00
9.810769176416235938e+13 2.310432979041554535e+00
9.821743191154954688e+13 2.310438813274558356e+00
9.832717205893676562e+13 2.310444647507562177e+00
9.843691220632395312e+13 2.310450481740565998e+00
9.854665235371117188e+13 2.310456315973569374e+00
9.865639250109837500e+13 2.310462150206573195e+00
9.876613264848557812e+13 2.310467984439577016e+00
9.887587279587279688e+13 2.310473818672580393e+00
9.898561294326000000e+13 2.310479652905584214e+00
9.909535309064720312e+13 2.310485487138588034e+00
9.920509323803440625e+13 2.310491321371591411e+00
9.931483338542162500e+13 2.310497155604595232e+00
9.942457353280882812e+13 2.310502989837599053e+00
9.953431368019603125e+13 2.310508824070602873e+00
9.964405382758323438e+13 2.310514658303606250e+00
9.975379397497043750e+13 2.310520492536610071e+00
9.986353412235764062e+13 2.310526326769613892e+00
9.997327426974484375e+13 2.310532161002617269e+00
1.000830144171320625e+14 2.310537563719744281e+00
1.001927545645192656e+14 2.310542827514292519e+00
1.003024947119064688e+14 2.310548091308840313e+00
1.004122348592936875e+14 2.310553355103388107e+00
1.005219750066808906e+14 2.310558618897936345e+00
1.006317151540680938e+14 2.310563882692484139e+00
1.007414553014552812e+14 2.310569146487032377e+00
1.008511954488425000e+14 2.310574410281580171e+00
1.009609355962297188e+14 2.310579674076127965e+00
1.010706757436169219e+14 2.310584937870676203e+00
1.011804158910041250e+14 2.310590201665223997e+00
1.012901560383913281e+14 2.310595465459772235e+00
1.013998961857785312e+14 2.310600729254320029e+00
1.015096363331657344e+14 2.310605993048867823e+00
1.016193764805529531e+14 2.310611256843416061e+00
1.017291166279401562e+14 2.310616520637963855e+00
1.018388567753273438e+14 2.310621784432512094e+00
1.019485969227145625e+14 2.310627048227059888e+00
1.020583370701017656e+14 2.310632312021607682e+00
1.021680772174889688e+14 2.310637575816155920e+00
1.022778173648761719e+14 2.310642839610703714e+00
1.023875575122633906e+14 2.310648103405251508e+00
1.024972976596506094e+14 2.310653367199799746e+00
1.026070378070378125e+14 2.310658630994347540e+00
1.027167779544250156e+14 2.310663894788895778e+00
1.028265181018122188e+14 2.310669158583443572e+00
1.029362582491994219e+14 2.310674422377991366e+00
1.030459983965866406e+14 2.310679686172539604e+00
1.031557385439738281e+14 2.310684949967087398e+00
1.032654786913610312e+14 2.310690213761635636e+00
1.033752188387482344e+14 2.310695477556183430e+00
1.034849589861354531e+14 2.310700563993781209e+00
1.035946991335226562e+14 2.310705297212530152e+00
1.037044392809098594e+14 2.310710030431279094e+00
1.038141794282970625e+14 2.310714763650028480e+00
1.039239195756842812e+14 2.310719496868777423e+00
1.040336597230714844e+14 2.310724230087526365e+00
1.041433998704587031e+14 2.310728963306275308e+00
1.042531400178459062e+14 2.310733696525024694e+00
1.043628801652331094e+14 2.310738429743773636e+00
1.044726203126203125e+14 2.310743162962522579e+00
1.045823604600074844e+14 2.310747896181271521e+00
1.046921006073947188e+14 2.310752629400020464e+00
1.048018407547819219e+14 2.310757362618769850e+00
1.049115809021691250e+14 2.310762095837518793e+00
1.050213210495563438e+14 2.310766829056267735e+00
1.051310611969435469e+14 2.310771562275016677e+00
1.052408013443307500e+14 2.310776295493766064e+00
1.053505414917179375e+14 2.310781028712515006e+00
1.054602816391051719e+14 2.310785761931263949e+00
1.055700217864923750e+14 2.310790495150012891e+00
1.056797619338795625e+14 2.310795228368762277e+00
1.057895020812667969e+14 2.310799961587511220e+00
1.058992422286540000e+14 2.310804694806260162e+00
1.060089823760412031e+14 2.310809428025009105e+00
1.061187225234284062e+14 2.310814161243758047e+00
1.062284626708156094e+14 2.310818894462507433e+00
1.063382028182027812e+14 2.310823627681256376e+00
1.064479429655900156e+14 2.310828360900005318e+00
1.065576831129772344e+14 2.310833094118754261e+00
1.066674232603644375e+14 2.310837827337503647e+00
1.067771634077516406e+14 2.310842560556252590e+00
1.068869035551388281e+14 2.310847293775001532e+00
1.069966437025260469e+14 2.310852026993750474e+00
1.071063838499132500e+14 2.310856760212499861e+00
1.072161239973004531e+14 2.310861164684732572e+00
1.073258641446876406e+14 2.310865405502225745e+00
1.074356042920748906e+14 2.310869646319718917e+00
1.075453444394620938e+14 2.310873887137212535e+00
1.076550845868492969e+14 2.310878127954705707e+00
1.077648247342365000e+14 2.310882368772198880e+00
1.078745648816237188e+14 2.310886609589692053e+00
1.079843050290109062e+14 2.310890850407185226e+00
1.080940451763981094e+14 2.310895091224678843e+00
1.082037853237853125e+14 2.310899332042172016e+00
1.083135254711725000e+14 2.310903572859665189e+00
1.084232656185597188e+14 2.310907813677158362e+00
1.085330057659469375e+14 2.310912054494651979e+00
1.086427459133341406e+14 2.310916295312145152e+00
1.087524860607213438e+14 2.310920536129638325e+00
1.088622262081085625e+14 2.310924776947131498e+00
1.089719663554957812e+14 2.310929017764624671e+00
1.090817065028829844e+14 2.310933258582118288e+00
1.091914466502701875e+14 2.310937499399611461e+00
1.093011867976573906e+14 2.310941740217104634e+00
1.094109269450445625e+14 2.310945981034597807e+00
1.095206670924317656e+14 2.310950221852090980e+00
1.096304072398190000e+14 2.310954462669584597e+00
1.096304072398190000e+14 2.310954462669584597e+00
1.101130618401206250e+14 2.310973114458568567e+00
1.105957164404222812e+14 2.310991766247552981e+00
1.110783710407239375e+14 2.311010418036537395e+00
1.115610256410256250e+14 2.311027200807482807e+00
1.120436802413272344e+14 2.311043847570857679e+00
1.125263348416289062e+14 2.311060494334232995e+00
1.130089894419305625e+14 2.311077141097607868e+00
1.134916440422322188e+14 2.311093787860982740e+00
1.139742986425338750e+14 2.311110434624358057e+00
1.144569532428355312e+14 2.311127081387732929e+00
1.149396078431371875e+14 2.311143728151108245e+00
1.154222624434388281e+14 2.311160230497233403e+00
1.159049170437404688e+14 2.311175025757409518e+00
1.163875716440421406e+14 2.311189821017585189e+00
1.168702262443437969e+14 2.311204616277761303e+00
1.173528808446454531e+14 2.311219411537936974e+00
1.178355354449470781e+14 2.311234206798112645e+00
1.183181900452487344e+14 2.311249002058288760e+00
1.188008446455503906e+14 2.311263797318464430e+00
1.192834992458520469e+14 2.311278592578640545e+00
1.197661538461537031e+14 2.311293387838816216e+00
1.202488084464553906e+14 2.311307304199883284e+00
1.207314630467570156e+14 2.311320394515134158e+00
1.212141176470586719e+14 2.311333484830385032e+00
1.216967722473603594e+14 2.311346575145635907e+00
1.221794268476619688e+14 2.311359665460886781e+00
1.226620814479636406e+14 2.311372755776137655e+00
1.231447360482652812e+14 2.311385846091388085e+00
1.236273906485669219e+14 2.311398936406638960e+00
1.241100452488685781e+14 2.311412026721889834e+00
1.245926998491702500e+14 2.311425117037140708e+00
1.250753544494719062e+14 2.311437962983891925e+00
1.255580090497735469e+14 2.311449488088576310e+00
1.260406636500752188e+14 2.311461013193260250e+00
1.265233182503768438e+14 2.311472538297944190e+00
1.270059728506785000e+14 2.311484063402628575e+00
1.274886274509801562e+14 2.311495588507312515e+00
1.279712820512818438e+14 2.311507113611996900e+00
1.284539366515834531e+14 2.311518638716680840e+00
1.289365912518851250e+14 2.311530163821365225e+00
1.294192458521867812e+14 2.311541688926049165e+00
1.299019004524884375e+14 2.311553214030733550e+00
1.303845550527900625e+14 2.311564739135417490e+00
1.308672096530917344e+14 2.311574981112439087e+00
1.313498642533933750e+14 2.311585074050756639e+00
1.318325188536950469e+14 2.311595166989073746e+00
1.323151734539967188e+14 2.311605259927391298e+00
1.327978280542983594e+14 2.311615352865708406e+00
1.332804826546000156e+14 2.311625445804025958e+00
1.337631372549016562e+14 2.311635538742343510e+00
1.342457918552033281e+14 2.311645631680660617e+00
1.347284464555049688e+14 2.311655724618978169e+00
1.352111010558065781e+14 2.311665817557295277e+00
1.356937556561082656e+14 2.311675910495612829e+00
1.361764102564099219e+14 2.311686003433929937e+00
1.366590648567115625e+14 2.311695297174372499e+00
1.371417194570132344e+14 2.311704084427760986e+00
1.376243740573148906e+14 2.311712871681149473e+00
1.381070286576165469e+14 2.311721658934537960e+00
1.385896832579182344e+14 2.311730446187926891e+00
1.390723378582198438e+14 2.311739233441315378e+00
1.395549924585215000e+14 2.311748020694703865e+00
1.400376470588231562e+14 2.311756807948092352e+00
1.405203016591248281e+14 2.311765595201480838e+00
1.410029562594264375e+14 2.311774382454869325e+00
1.414856108597281250e+14 2.311783169708257812e+00
1.419682654600297812e+14 2.311791956961646743e+00
1.424509200603314375e+14 2.311800744215035230e+00
1.429335746606330625e+14 2.311809343713050691e+00
1.434162292609347188e+14 2.311816945321325090e+00
1.438988838612363750e+14 2.311824546929599045e+00
1.443815384615380312e+14 2.311832148537873000e+00
1.448641930618397188e+14 2.311839750146146955e+00
1.453468476621413438e+14 2.311847351754420909e+00
1.458295022624430000e+14 2.311854953362694864e+00
1.463121568627446562e+14 2.311862554970968819e+00
1.467948114630462812e+14 2.311870156579242774e+00
1.472774660633479375e+14 2.311877758187516729e+00
1.477601206636495938e+14 2.311885359795790684e+00
1.482427752639512500e+14 2.311892961404064639e+00
1.487254298642529062e+14 2.311900563012338594e+00
1.492080844645545625e+14 2.311908164620612549e+00
1.496907390648562188e+14 2.311915766228886504e+00
1.501733936651578750e+14 2.311922982745609367e+00
1.506560482654595000e+14 2.311929512421938337e+00
1.511387028657611875e+14 2.311936042098267308e+00
1.516213574660628438e+14 2.311942571774596722e+00
1.521040120663645000e+14 2.311949101450925692e+00
1.525866666666661562e+14 2.311955631127254662e+00
1.530693212669678125e+14 2.311962160803583632e+00
1.535519758672694375e+14 2.311968690479913047e+00
1.540346304675710938e+14 2.311975220156242017e+00
1.545172850678727812e+14 2.311981749832570987e+00
1.549999396681744062e+14 2.311988279508899957e+00
1.554825942684760312e+14 2.311994809185229371e+00
1.559652488687777188e+14 2.312001338861558342e+00
1.564479034690793750e+14 2.312007868537887312e+00
1.569305580693810312e+14 2.312014398214216282e+00
1.574132126696826875e+14 2.312020927890545696e+00
1.578958672699843125e+14 2.312027455308062862e+00
1.583785218702860000e+14 2.312033020547891393e+00
1.588611764705876250e+14 2.312038585787719924e+00
1.593438310708893125e+14 2.312044151027548899e+00
1.598264856711909375e+14 2.312049716267377431e+00
1.603091402714925938e+14 2.312055281507205962e+00
1.607917948717942500e+14 2.312060846747034937e+00
1.612744494720959062e+14 2.312066411986863468e+00
1.617571040723975312e+14 2.312071977226691999e+00
1.622397586726992188e+14 2.312077542466520974e+00
1.627224132730008750e+14 2.312083107706349505e+00
1.632050678733025312e+14 2.312088672946178036e+00
1.636877224736041562e+14 2.312094238186007011e+00
1.641703770739058438e+14 2.312099803425835542e+00
1.646530316742074688e+14 2.312105368665664074e+00
1.651356862745091562e+14 2.312110933905492605e+00
1.656183408748107812e+14 2.312116499145321580e+00
1.661009954751124688e+14 2.312122064385150111e+00
1.665836500754140625e+14 2.312127629624978642e+00
1.670663046757157500e+14 2.312132480254583733e+00
1.675489592760173750e+14 2.312137182438586347e+00
1.680316138763190625e+14 2.312141884622588961e+00
1.685142684766206875e+14 2.312146586806591575e+00
1.689969230769223750e+14 2.312151288990594633e+00
1.694795776772240000e+14 2.312155991174597247e+00
1.699622322775256875e+14 2.312160693358599861e+00
1.704448868778273125e+14 2.312165395542602475e+00
1.709275414781290000e+14 2.312170097726605089e+00
1.714101960784305938e+14 2.312174799910608147e+00
1.718928506787322812e+14 2.312179502094610761e+00
1.723755052790339062e+14 2.312184204278613375e+00
1.728581598793355938e+14 2.312188906462615989e+00
1.733408144796372188e+14 2.312193608646619047e+00
1.738234690799389062e+14 2.312198310830621661e+00
1.743061236802405312e+14 2.312203013014624275e+00
1.747887782805422188e+14 2.312207715198626889e+00
1.752714328808438438e+14 2.312212417382629503e+00
1.757540874811455312e+14 2.312217119566632562e+00
1.762367420814471250e+14 2.312221821750635176e+00
1.767193966817488438e+14 2.312226128188979768e+00
1.772020512820504375e+14 2.312230062680144638e+00
1.776847058823521250e+14 2.312233997171309063e+00
1.781673604826537500e+14 2.312237931662473933e+00
1.786500150829554375e+14 2.312241866153638359e+00
1.791326696832570625e+14 2.312245800644803229e+00
1.796153242835587500e+14 2.312249735135967654e+00
1.800979788838603438e+14 2.312253669627132524e+00
1.805806334841620625e+14 2.312257604118296950e+00
1.810632880844637188e+14 2.312261538609461820e+00
1.815459426847653750e+14 2.312265473100626245e+00
1.820285972850669688e+14 2.312269407591791115e+00
1.825112518853686875e+14 2.312273342082955541e+00
1.829939064856702812e+14 2.312277276574120410e+00
1.834765610859719688e+14 2.312281211065284836e+00
1.839592156862735938e+14 2.312285145556449706e+00
1.844418702865752812e+14 2.312289080047614132e+00
1.849245248868769062e+14 2.312293014538779001e+00
1.854071794871785938e+14 2.312296949029943427e+00
1.858898340874802188e+14 2.312300883521108297e+00
1.863724886877819062e+14 2.312304818012272722e+00
1.868551432880835000e+14 2.312308752503437592e+00
1.873377978883851562e+14 2.312312686994602018e+00
1.878204524886867812e+14 2.312316171166017842e+00
1.883031070889885000e+14 2.312319427400947536e+00
1.887857616892901250e+14 2.312322683635877230e+00
1.892684162895918125e+14 2.312325939870807368e+00
1.897510708898934375e+14 2.312329196105737061e+00
1.902337254901951250e+14 2.312332452340666755e+00
1.907163800904967500e+14 2.312335708575596449e+00
1.911990346907984375e+14 2.312338964810526587e+00
1.916816892911000625e+14 2.312342221045456281e+00
1.921643438914017500e+14 2.312345477280385975e+00
1.926469984917033125e+14 2.312348733515315669e+00
1.931296530920050312e+14 2.312351989750245362e+00
1.936123076923066250e+14 2.312355245985175500e+00
1.940949622926083438e+14 2.312358502220105194e+00
1.945776168929099375e+14 2.312361758455034888e+00
1.950602714932115938e+14 2.312365014689964582e+00
1.955429260935133125e+14 2.312368270924894720e+00
1.960255806938149688e+14 2.312371527159824414e+00
1.965082352941166250e+14 2.312374783394754107e+00
1.969908898944182812e+14 2.312378039629683801e+00
1.974735444947198750e+14 2.312381295864613939e+00
1.979561990950215938e+14 2.312384552099543633e+00
1.984388536953231875e+14 2.312387808334473327e+00
1.989215082956249062e+14 2.312391064569403021e+00
1.994041628959265000e+14 2.312394320804332715e+00
1.998868174962282188e+14 2.312397577039262853e+00
2.003694720965298125e+14 2.312400378061648443e+00
2.008521266968315312e+14 2.312403039636167890e+00
2.013347812971331250e+14 2.312405701210687337e+00
2.018174358974348125e+14 2.312408362785207228e+00
2.023000904977364062e+14 2.312411024359726675e+00
2.027827450980380625e+14 2.312413685934246121e+00
2.032653996983397500e+14 2.312416347508765568e+00
2.037480542986414062e+14 2.312419009083285015e+00
2.042307088989430312e+14 2.312421670657804462e+00
2.047133634992447188e+14 2.312424332232324353e+00
2.051960180995463438e+14 2.312426993806843800e+00
2.056786726998480312e+14 2.312429655381363247e+00
2.061613273001496562e+14 2.312432316955882694e+00
2.066439819004513438e+14 2.312434978530402141e+00
2.071266365007529688e+14 2.312437640104921588e+00
2.076092911010546562e+14 2.312440301679441479e+00
2.080919457013562188e+14 2.312442963253960926e+00
2.085746003016579375e+14 2.312445624828480373e+00
2.090572549019595312e+14 2.312448286402999820e+00
2.095399095022612500e+14 2.312450947977519267e+00
2.100225641025628438e+14 2.312453609552038714e+00
2.105052187028645000e+14 2.312456271126558605e+00
2.109878733031662188e+14 2.312458932701078052e+00
2.114705279034678750e+14 2.312461594275597498e+00
2.119531825037694688e+14 2.312464255850116945e+00
2.124358371040711875e+14 2.312466917424636392e+00
2.129184917043727812e+14 2.312469578999156283e+00
2.134011463046745000e+14 2.312472240573675730e+00
2.138838009049760938e+14 2.312474902148195177e+00
2.143664555052778125e+14 2.312477477265213022e+00
2.148491101055794062e+14 2.312479622014360636e+00
2.153317647058811250e+14 2.312481766763508251e+00
2.158144193061827188e+14 2.312483911512655421e+00
2.162970739064844375e+14 2.312486056261803036e+00
2.167797285067860312e+14 2.312488201010950650e+00
2.172623831070877500e+14 2.312490345760098265e+00
2.177450377073893438e+14 2.312492490509245435e+00
2.182276923076909688e+14 2.312494635258393050e+00
2.187103469079926875e+14 2.312496780007540664e+00
2.191930015082943125e+14 2.312498924756688279e+00
2.196756561085959375e+14 2.312501069505835893e+00
2.201583107088976250e+14 2.312503214254983064e+00
2.206409653091992500e+14 2.312505359004130678e+00
2.211236199095009375e+14 2.312507503753278293e+00
2.216062745098025625e+14 2.312509648502425907e+00
2.220889291101042500e+14 2.312511793251573078e+00
2.225715837104058750e+14 2.312513938000720692e+00
2.230542383107075625e+14 2.312516082749868307e+00
2.235368929110091562e+14 2.312518227499015921e+00
2.240195475113108438e+14 2.312520372248163092e+00
2.245022021116124688e+14 2.312522516997310706e+00
2.249848567119141562e+14 2.312524661746458321e+00
2.254675113122157812e+14 2.312526806495605936e+00
2.259501659125174062e+14 2.312528951244753106e+00
2.264328205128191250e+14 2.312531095993900720e+00
2.269154751131207812e+14 2.312533240743048335e+00
2.273981297134223750e+14 2.312535385492195950e+00
2.278807843137240938e+14 2.312537530241343120e+00
2.283634389140256875e+14 2.312539674990490735e+00
2.288460935143274062e+14 2.312541819739638349e+00
2.293287481146290000e+14 2.312543964488785964e+00
2.298114027149306562e+14 2.312546109237933134e+00
2.302940573152323125e+14 2.312548253987080749e+00
2.307767119155339688e+14 2.312550391843740005e+00
2.312593665158356250e+14 2.312552091916224128e+00
2.317420211161373438e+14 2.312553791988707808e+00
2.322246757164389375e+14 2.312555492061191931e+00
2.327073303167406562e+14 2.312557192133675610e+00
2.331899849170422500e+14 2.312558892206159733e+00
2.336726395173438750e+14 2.312560592278643856e+00
2.341552941176456250e+14 2.312562292351127535e+00
2.346379487179472188e+14 2.312563992423611658e+00
2.351206033182488438e+14 2.312565692496095338e+00
2.356032579185505312e+14 2.312567392568579461e+00
2.360859125188521562e+14 2.312569092641063140e+00
2.365685671191538438e+14 2.312570792713547263e+00
2.370512217194554688e+14 2.312572492786031386e+00
2.375338763197571562e+14 2.312574192858515065e+00
2.380165309200587812e+14 2.312575892930999188e+00
2.384991855203604688e+14 2.312577593003482868e+00
2.389818401206620625e+14 2.312579293075966991e+00
2.394644947209637812e+14 2.312580993148451114e+00
2.399471493212653750e+14 2.312582693220934793e+00
2.404298039215670625e+14 2.312584393293418916e+00
2.409124585218686875e+14 2.312586093365902595e+00
2.413951131221703438e+14 2.312587793438386718e+00
2.418777677224720312e+14 2.312589493510870842e+00
2.423604223227736875e+14 2.312591193583354521e+00
2.428430769230753125e+14 2.312592893655838644e+00
2.433257315233770312e+14 2.312594593728322323e+00
2.438083861236785938e+14 2.312596293800806446e+00
2.442910407239802500e+14 2.312597993873290125e+00
2.447736953242819688e+14 2.312599693945774249e+00
2.452563499245835625e+14 2.312601394018258372e+00
2.457390045248851875e+14 2.312603094090742051e+00
2.462216591251868750e+14 2.312604794163226174e+00
2.467043137254885312e+14 2.312606494235709853e+00
2.471869683257901875e+14 2.312608194308193976e+00
2.476696229260918438e+14 2.312609894380678099e+00
2.481522775263935000e+14 2.312611594453161779e+00
2.486349321266951562e+14 2.312613294525645902e+00
2.491175867269968750e+14 2.312614994598129581e+00
2.496002413272985312e+14 2.312616694670613704e+00
2.500828959276001875e+14 2.312618329796643835e+00
2.505655505279017500e+14 2.312619651723837322e+00
2.510482051282034375e+14 2.312620973651030365e+00
2.515308597285050625e+14 2.312622295578223852e+00
2.520135143288068125e+14 2.312623617505417339e+00
2.524961689291083750e+14 2.312624939432610383e+00
2.529788235294100312e+14 2.312626261359803870e+00
2.534614781297117188e+14 2.312627583286996913e+00
2.539441327300133750e+14 2.312628905214190400e+00
2.544267873303150000e+14 2.312630227141383443e+00
2.549094419306166875e+14 2.312631549068576930e+00
2.553920965309182812e+14 2.312632870995770418e+00
2.558747511312200312e+14 2.312634192922963461e+00
2.563574057315215938e+14 2.312635514850156948e+00
2.568400603318233125e+14 2.312636836777349991e+00
2.573227149321249375e+14 2.312638158704543478e+00
2.578053695324265938e+14 2.312639480631736966e+00
2.582880241327282188e+14 2.312640802558930009e+00
2.587706787330299062e+14 2.312642124486123496e+00
2.592533333333315312e+14 2.312643446413316539e+00
2.597359879336332188e+14 2.312644768340510026e+00
2.602186425339348438e+14 2.312646090267703070e+00
2.607012971342365000e+14 2.312647412194896557e+00
2.611839517345381250e+14 2.312648734122090044e+00
2.616666063348397812e+14 2.312650056049283087e+00
2.621492609351414062e+14 2.312651377976476574e+00
2.626319155354430938e+14 2.312652699903669617e+00
2.631145701357447500e+14 2.312654021830863105e+00
2.635972247360464062e+14 2.312655343758056148e+00
2.640798793363480625e+14 2.312656665685249635e+00
2.645625339366497812e+14 2.312657987612443122e+00
2.650451885369513438e+14 2.312659309539636165e+00
2.655278431372530000e+14 2.312660631466829653e+00
2.660104977375546875e+14 2.312661953394022696e+00
2.664931523378563438e+14 2.312663275321216183e+00
2.669758069381579688e+14 2.312664597248409670e+00
2.674584615384596562e+14 2.312665919175602713e+00
2.679411161387612812e+14 2.312667241102796201e+00
2.684237707390630312e+14 2.312668563029989244e+00
2.689064253393645938e+14 2.312669884957182731e+00
2.693890799396662500e+14 2.312671206884375774e+00
2.698717345399679375e+14 2.312672528811569261e+00
2.703543891402695938e+14 2.312673850738762749e+00
2.708370437405711250e+14 2.312675172665955792e+00
2.713196983408728750e+14 2.312676494593149279e+00
2.718023529411745000e+14 2.312677816520342322e+00
2.722850075414761875e+14 2.312679138447535809e+00
2.727676621417778750e+14 2.312680433833563143e+00
2.732503167420795312e+14 2.312681438593104488e+00
2.737329713423811250e+14 2.312682443352645834e+00
2.742156259426828125e+14 2.312683448112187179e+00
2.746982805429843750e+14 2.312684452871728080e+00
2.751809351432861250e+14 2.312685457631269426e+00
2.756635897435877500e+14 2.312686462390810771e+00
2.761462443438894375e+14 2.312687467150352116e+00
2.766288989441910625e+14 2.312688471909893018e+00
2.771115535444927812e+14 2.312689476669434363e+00
2.775942081447943750e+14 2.312690481428975708e+00
2.780768627450960312e+14 2.312691486188517054e+00
2.785595173453976562e+14 2.312692490948058399e+00
2.790421719456993125e+14 2.312693495707599300e+00
2.795248265460009688e+14 2.312694500467140646e+00
2.800074811463027188e+14 2.312695505226681991e+00
2.804901357466042812e+14 2.312696509986223337e+00
2.809727903469059375e+14 2.312697514745764238e+00
2.814554449472075625e+14 2.312698519505305583e+00
2.819380995475092500e+14 2.312699524264846929e+00
2.824207541478109375e+14 2.312700529024388274e+00
2.829034087481125625e+14 2.312701533783929175e+00
2.833860633484141250e+14 2.312702538543470521e+00
2.838687179487158750e+14 2.312703543303011866e+00
2.843513725490175000e+14 2.312704548062553211e+00
2.848340271493191875e+14 2.312705552822094113e+00
2.853166817496208125e+14 2.312706557581635458e+00
2.857993363499225000e+14 2.312707562341176803e+00
2.862819909502241250e+14 2.312708567100718149e+00
2.867646455505258125e+14 2.312709571860259494e+00
2.872473001508273750e+14 2.312710576619800396e+00
2.877299547511291250e+14 2.312711581379341741e+00
2.882126093514307500e+14 2.312712586138883086e+00
2.886952639517324375e+14 2.312713590898424432e+00
2.891779185520340000e+14 2.312714595657965333e+00
2.896605731523357500e+14 2.312715600417506678e+00
2.901432277526373125e+14 2.312716605177048024e+00
2.906258823529390000e+14 2.312717609936589369e+00
2.911085369532406875e+14 2.312718614696130270e+00
2.915911915535423125e+14 2.312719619455671616e+00
2.920738461538439375e+14 2.312720624215212961e+00
2.925565007541456250e+14 2.312721628974754307e+00
2.930391553544472500e+14 2.312722633734295652e+00
2.935218099547489375e+14 2.312723638493836553e+00
2.940044645550505625e+14 2.312724643253377899e+00
2.944871191553521875e+14 2.312725648012919244e+00
2.949697737556538750e+14 2.312726652772460589e+00
2.954524283559556250e+14 2.312727657532001491e+00
2.959350829562571250e+14 2.312728662291542836e+00
2.964177375565588750e+14 2.312729667051084181e+00
2.969003921568605000e+14 2.312730671810625527e+00
2.973830467571621875e+14 2.312731676570166428e+00
2.978657013574638125e+14 2.312732681329707773e+00
2.983483559577655000e+14 2.312733686089249119e+00
2.988310105580671250e+14 2.312734690848790464e+00
2.993136651583688125e+14 2.312735695608331365e+00
2.997963197586704375e+14 2.312736700367872711e+00
3.002789743589720625e+14 2.312737553873209340e+00
3.007616289592736875e+14 2.312738296947274730e+00
3.012442835595753750e+14 2.312739040021340564e+00
3.017269381598770000e+14 2.312739783095405954e+00
3.022095927601787500e+14 2.312740526169471789e+00
3.026922473604803125e+14 2.312741269243537623e+00
3.031749019607820625e+14 2.312742012317603013e+00
3.036575565610836875e+14 2.312742755391668847e+00
3.041402111613853125e+14 2.312743498465734238e+00
3.046228657616868750e+14 2.312744241539800072e+00
3.051055203619886250e+14 2.312744984613865462e+00
3.055881749622902500e+14 2.312745727687931296e+00
3.060708295625919375e+14 2.312746470761997131e+00
3.065534841628935625e+14 2.312747213836062521e+00
3.070361387631951875e+14 2.312747956910128355e+00
3.075187933634968750e+14 2.312748699984193745e+00
3.080014479637985625e+14 2.312749443058259580e+00
3.084841025641001250e+14 2.312750186132325414e+00
3.089667571644018750e+14 2.312750929206390804e+00
3.094494117647035000e+14 2.312751672280456638e+00
3.099320663650051875e+14 2.312752415354522029e+00
3.104147209653067500e+14 2.312753158428587863e+00
3.108973755656085000e+14 2.312753901502653253e+00
3.113800301659100625e+14 2.312754644576719087e+00
3.118626847662117500e+14 2.312755387650784922e+00
3.123453393665134375e+14 2.312756130724850312e+00
3.128279939668150625e+14 2.312756873798916146e+00
3.133106485671166875e+14 2.312757616872981536e+00
3.137933031674183750e+14 2.312758359947047371e+00
3.142759577677200000e+14 2.312759103021113205e+00
3.147586123680217500e+14 2.312759846095178595e+00
3.152412669683233125e+14 2.312760589169244430e+00
3.157239215686249375e+14 2.312761332243309820e+00
3.162065761689266250e+14 2.312762075317375654e+00
3.166892307692283125e+14 2.312762818391441044e+00
3.171718853695298750e+14 2.312763561465506879e+00
3.176545399698316250e+14 2.312764304539572713e+00
3.181371945701332500e+14 2.312765047613638103e+00
3.186198491704349375e+14 2.312765790687703937e+00
3.191025037707365625e+14 2.312766533761769328e+00
3.195851583710381875e+14 2.312767276835835162e+00
3.200678129713398125e+14 2.312768019909900996e+00
3.205504675716415625e+14 2.312768762983966386e+00
3.210331221719431250e+14 2.312769506058032221e+00
3.215157767722448125e+14 2.312770249132097611e+00
3.219984313725464375e+14 2.312770992206163445e+00
3.224810859728481250e+14 2.312771735280228835e+00
3.229637405731497500e+14 2.312772478354294670e+00
3.234463951734515000e+14 2.312773221428360504e+00
3.239290497737530625e+14 2.312773964502425894e+00
3.244117043740547500e+14 2.312774707576491728e+00
3.248943589743564375e+14 2.312775450650557119e+00
3.253770135746580625e+14 2.312776193724622953e+00
3.258596681749596875e+14 2.312776936798688787e+00
3.263423227752614375e+14 2.312777679872754177e+00
3.268249773755630000e+14 2.312778422946820012e+00
3.273076319758646875e+14 2.312779166020885402e+00
3.277902865761663125e+14 2.312779909094951236e+00
3.282729411764680000e+14 2.312780652169017070e+00
3.287555957767696250e+14 2.312781395243082461e+00
3.292382503770713125e+14 2.312782138317148295e+00
3.297209049773729375e+14 2.312782881391213685e+00
3.302035595776746250e+14 2.312783624465279519e+00
3.306862141779761875e+14 2.312784367539344910e+00
3.311688687782779375e+14 2.312785110613410744e+00
3.316515233785795000e+14 2.312785853687476578e+00
3.321341779788811875e+14 2.312786596761541968e+00
3.326168325791828125e+14 2.312787339835607803e+00
3.330994871794845000e+14 2.312788082909673193e+00
3.335821417797861250e+14 2.312788716880350925e+00
3.340647963800878125e+14 2.312789248308658507e+00
3.345474509803894375e+14 2.312789779736966089e+00
3.350301055806911250e+14 2.312790311165273671e+00
3.355127601809927500e+14 2.312790842593581253e+00
3.359954147812944375e+14 2.312791374021888835e+00
3.364780693815960625e+14 2.312791905450196417e+00
3.369607239818977500e+14 2.312792436878504443e+00
3.374433785821993750e+14 2.312792968306812025e+00
3.379260331825010625e+14 2.312793499735119607e+00
3.384086877828026875e+14 2.312794031163427189e+00
3.388913423831043750e+14 2.312794562591734771e+00
3.393739969834060000e+14 2.312795094020042352e+00
3.398566515837076875e+14 2.312795625448349934e+00
3.403393061840093125e+14 2.312796156876657516e+00
3.408219607843110000e+14 2.312796688304965542e+00
3.413046153846125625e+14 2.312797219733273124e+00
3.417872699849142500e+14 2.312797751161580706e+00
3.422699245852158750e+14 2.312798282589888288e+00
3.427525791855175625e+14 2.312798814018195870e+00
3.432352337858191875e+14 2.312799345446503452e+00
3.437178883861208750e+14 2.312799876874811034e+00
3.442005429864225000e+14 2.312800408303119060e+00
3.446831975867241875e+14 2.312800939731426642e+00
3.451658521870258125e+14 2.312801471159734223e+00
3.456485067873275000e+14 2.312802002588041805e+00
3.461311613876291250e+14 2.312802534016349387e+00
3.466138159879308125e+14 2.312803065444656969e+00
3.470964705882324375e+14 2.312803596872964551e+00
3.475791251885341250e+14 2.312804128301272133e+00
3.480617797888357500e+14 2.312804659729580159e+00
3.485444343891374375e+14 2.312805191157887741e+00
3.490270889894390625e+14 2.312805722586195323e+00
3.495097435897407500e+14 2.312806254014502905e+00
3.499923981900423750e+14 2.312806785442810487e+00
3.504750527903440625e+14 2.312807316871118068e+00
3.509577073906456875e+14 2.312807848299425650e+00
3.514403619909473750e+14 2.312808379727733676e+00
3.519230165912489375e+14 2.312808911156041258e+00
3.524056711915506250e+14 2.312809442584348840e+00
3.528883257918522500e+14 2.312809974012656422e+00
3.533709803921539375e+14 2.312810505440964004e+00
3.538536349924555625e+14 2.312811036869271586e+00
3.543362895927572500e+14 2.312811568297579168e+00
3.548189441930588750e+14 2.312812099725886750e+00
3.553015987933605625e+14 2.312812631154194776e+00
3.557842533936621875e+14 2.312813162582502358e+00
3.562669079939638750e+14 2.312813694010809940e+00
3.567495625942655000e+14 2.312814225439117521e+00
3.572322171945671875e+14 2.312814756867425103e+00
3.577148717948688125e+14 2.312815288295732685e+00
3.581975263951705000e+14 2.312815819724040267e+00
3.586801809954721250e+14 2.312816351152347849e+00
3.591628355957738125e+14 2.312816882580655875e+00
3.596454901960754375e+14 2.312817414008963457e+00
3.601281447963771250e+14 2.312817945437271039e+00
3.606107993966787500e+14 2.312818476865578621e+00
3.610934539969804375e+14 2.312819008293886203e+00
3.615761085972820625e+14 2.312819539722193785e+00
3.620587631975836250e+14 2.312820071150501366e+00
3.625414177978852500e+14 2.312820602578809392e+00
3.630240723981870000e+14 2.312821134007116974e+00
3.635067269984885625e+14 2.312821665435424556e+00
3.639893815987903125e+14 2.312822196863732138e+00
3.644720361990918750e+14 2.312822728292039720e+00
3.649546907993936250e+14 2.312823259720347302e+00
3.654373453996953125e+14 2.312823791148654884e+00
3.659199999999969375e+14 2.312824322576962466e+00
3.664026546002986250e+14 2.312824854005270492e+00
3.668853092006002500e+14 2.312825385433578074e+00
3.673679638009019375e+14 2.312825916861885656e+00
3.678506184012035625e+14 2.312826448290193238e+00
3.683332730015052500e+14 2.312826979718500819e+00
3.688159276018068750e+14 2.312827511146808401e+00
3.692985822021085625e+14 2.312828042575115983e+00
3.697812368024101875e+14 2.312828574003424009e+00
3.702638914027117500e+14 2.312829105431731591e+00
3.707465460030135000e+14 2.312829636860039173e+00
3.712292006033151875e+14 2.312830168288346755e+00
3.717118552036168125e+14 2.312830699716654337e+00
3.721945098039185000e+14 2.312831231144961919e+00
3.726771644042201250e+14 2.312831762573269501e+00
3.731598190045216875e+14 2.312832294001577083e+00
3.736424736048233750e+14 2.312832825429885109e+00
3.741251282051250000e+14 2.312833356858192690e+00
3.746077828054266875e+14 2.312833888286500272e+00
3.750904374057283125e+14 2.312834388423049781e+00
3.755730920060300000e+14 2.312834752850646769e+00
3.760557466063316250e+14 2.312835117278243313e+00
3.765384012066333750e+14 2.312835481705840301e+00
3.770210558069349375e+14 2.312835846133437290e+00
3.775037104072365000e+14 2.312836210561034278e+00
3.779863650075382500e+14 2.312836574988630822e+00
3.784690196078399375e+14 2.312836939416227811e+00
3.789516742081415625e+14 2.312837303843824799e+00
3.794343288084432500e+14 2.312837668271421787e+00
3.799169834087448750e+14 2.312838032699018331e+00
3.803996380090465625e+14 2.312838397126615320e+00
3.808822926093481875e+14 2.312838761554212308e+00
3.813649472096498750e+14 2.312839125981809296e+00
3.818476018099515000e+14 2.312839490409405840e+00
3.823302564102531875e+14 2.312839854837002829e+00
3.828129110105547500e+14 2.312840219264599817e+00
3.832955656108565000e+14 2.312840583692196805e+00
3.837782202111580625e+14 2.312840948119793794e+00
3.842608748114598125e+14 2.312841312547390338e+00
3.847435294117614375e+14 2.312841676974987326e+00
3.852261840120631250e+14 2.312842041402584314e+00
3.857088386123646250e+14 2.312842405830181303e+00
3.861914932126664375e+14 2.312842770257777847e+00
3.866741478129680000e+14 2.312843134685374835e+00
3.871568024132697500e+14 2.312843499112971823e+00
3.876394570135713125e+14 2.312843863540568812e+00
3.881221116138730625e+14 2.312844227968165356e+00
3.886047662141746250e+14 2.312844592395762344e+00
3.890874208144763750e+14 2.312844956823359333e+00
3.895700754147779375e+14 2.312845321250956321e+00
3.900527300150796875e+14 2.312845685678552865e+00
3.905353846153812500e+14 2.312846050106149853e+00
3.910180392156830000e+14 2.312846414533746842e+00
3.915006938159845625e+14 2.312846778961343830e+00
3.919833484162863125e+14 2.312847143388940374e+00
3.924660030165878750e+14 2.312847507816537362e+00
3.929486576168894375e+14 2.312847872244134351e+00
3.934313122171910625e+14 2.312848236671731339e+00
3.939139668174928750e+14 2.312848601099328327e+00
3.943966214177943750e+14 2.312848965526924871e+00
3.948792760180961250e+14 2.312849329954521860e+00
3.953619306183976875e+14 2.312849694382118848e+00
3.958445852186994375e+14 2.312850058809715836e+00
3.963272398190010000e+14 2.312850423237312381e+00
3.968098944193027500e+14 2.312850787664909369e+00
3.972925490196043125e+14 2.312851152092506357e+00
3.977752036199060625e+14 2.312851516520103345e+00
3.982578582202076250e+14 2.312851880947699890e+00
3.987405128205093750e+14 2.312852245375296878e+00
3.992231674208109375e+14 2.312852609802893866e+00
3.997058220211126875e+14 2.312852974230490855e+00
4.001884766214143750e+14 2.312853338658087399e+00
4.006711312217160000e+14 2.312853703085684387e+00
4.011537858220175625e+14 2.312854067513281375e+00
4.016364404223193125e+14 2.312854431940878364e+00
4.021190950226210000e+14 2.312854796368475352e+00
4.026017496229226250e+14 2.312855160796071896e+00
4.030844042232243125e+14 2.312855525223668884e+00
4.035670588235259375e+14 2.312855889651265873e+00
4.040497134238275000e+14 2.312856254078862861e+00
4.045323680241291875e+14 2.312856618506459405e+00
4.050150226244308125e+14 2.312856982934056393e+00
4.054976772247325000e+14 2.312857347361653382e+00
4.059803318250341250e+14 2.312857711789250370e+00
4.064629864253358125e+14 2.312858076216846914e+00
4.069456410256374375e+14 2.312858440644443903e+00
4.074282956259391875e+14 2.312858805072040891e+00
4.079109502262407500e+14 2.312859169499637879e+00
4.083936048265423125e+14 2.312859533927234423e+00
4.088762594268440625e+14 2.312859898354831412e+00
4.093589140271457500e+14 2.312860262782428400e+00
4.098415686274473750e+14 2.312860627210025388e+00
4.103242232277490625e+14 2.312860991637622377e+00
4.108068778280506875e+14 2.312861356065218921e+00
4.112895324283523750e+14 2.312861720492815909e+00
4.117721870286540000e+14 2.312862084920412897e+00
4.122548416289556875e+14 2.312862449348009886e+00
4.127374962292573125e+14 2.312862813775606430e+00
4.132201508295590000e+14 2.312863178203203418e+00
4.137028054298606250e+14 2.312863542630800406e+00
4.141854600301623125e+14 2.312863907058397395e+00
4.146681146304638750e+14 2.312864271485993939e+00
4.151507692307655000e+14 2.312864635913590927e+00
4.156334238310671875e+14 2.312865000341187915e+00
4.161160784313688125e+14 2.312865364768784904e+00
4.165987330316704375e+14 2.312865729196381448e+00
4.170813876319721250e+14 2.312866093623978436e+00
4.175640422322738125e+14 2.312866458051575425e+00
4.180466968325755625e+14 2.312866822479172413e+00
4.185293514328771250e+14 2.312867186906769401e+00
4.190120060331788750e+14 2.312867551334365945e+00
4.194946606334804375e+14 2.312867915761962934e+00
4.199773152337821875e+14 2.312868280189559922e+00
4.204599698340837500e+14 2.312868644617156910e+00
4.209426244343855000e+14 2.312869009044753454e+00
4.214252790346870625e+14 2.312869373472350443e+00
4.219079336349888125e+14 2.312869737899947431e+00
4.223905882352903750e+14 2.312870102327544419e+00
4.228732428355921250e+14 2.312870466755140963e+00
4.233558974358936875e+14 2.312870831182737952e+00
4.238385520361952500e+14 2.312871195610334940e+00
4.243212066364970000e+14 2.312871560037931928e+00
4.248038612367987500e+14 2.312871924465528473e+00
4.252865158371001875e+14 2.312872288893125461e+00
4.257691704374019375e+14 2.312872653320722449e+00
4.262518250377035000e+14 2.312873017748319437e+00
4.267344796380052500e+14 2.312873382175915982e+00
4.272171342383068125e+14 2.312873746603512970e+00
4.276997888386085625e+14 2.312874111031109958e+00
4.281824434389101250e+14 2.312874475458706947e+00
4.286650980392118750e+14 2.312874815101885861e+00
4.291477526395134375e+14 2.312875051821772665e+00
4.296304072398151875e+14 2.312875288541659469e+00
4.301130618401167500e+14 2.312875525261546272e+00
4.305957164404185000e+14 2.312875761981433076e+00
4.310783710407200625e+14 2.312875998701319880e+00
4.315610256410218125e+14 2.312876235421206683e+00
4.320436802413233750e+14 2.312876472141093487e+00
4.325263348416251250e+14 2.312876708860980290e+00
4.330089894419266875e+14 2.312876945580867094e+00
4.334916440422284375e+14 2.312877182300753898e+00
4.339742986425300000e+14 2.312877419020640701e+00
4.344569532428317500e+14 2.312877655740527505e+00
4.349396078431333125e+14 2.312877892460414309e+00
4.354222624434350625e+14 2.312878129180301112e+00
4.359049170437366250e+14 2.312878365900187916e+00
4.363875716440383125e+14 2.312878602620074719e+00
4.368702262443399375e+14 2.312878839339961523e+00
4.373528808446416250e+14 2.312879076059848327e+00
4.378355354449432500e+14 2.312879312779735130e+00
4.383181900452448750e+14 2.312879549499621934e+00
4.388008446455465625e+14 2.312879786219508738e+00
4.392834992458481875e+14 2.312880022939395097e+00
4.397661538461498750e+14 2.312880259659281901e+00
4.402488084464515625e+14 2.312880496379168704e+00
4.407314630467531875e+14 2.312880733099055508e+00
4.412141176470548750e+14 2.312880969818942312e+00
4.416967722473565000e+14 2.312881206538829115e+00
4.421794268476581250e+14 2.312881443258715919e+00
4.426620814479598125e+14 2.312881679978602723e+00
4.431447360482615000e+14 2.312881916698489526e+00
4.436273906485631250e+14 2.312882153418376330e+00
4.441100452488646875e+14 2.312882390138263133e+00
4.445926998491664375e+14 2.312882626858149937e+00
4.450753544494681250e+14 2.312882863578036741e+00
4.455580090497696875e+14 2.312883100297923544e+00
4.460406636500713125e+14 2.312883337017810348e+00
4.465233182503730000e+14 2.312883573737697152e+00
4.470059728506746250e+14 2.312883810457583955e+00
4.474886274509762500e+14 2.312884047177470759e+00
4.479712820512779375e+14 2.312884283897357562e+00
4.484539366515796250e+14 2.312884520617244366e+00
4.489365912518812500e+14 2.312884757337131170e+00
4.494192458521829375e+14 2.312884994057017973e+00
4.499019004524845625e+14 2.312885230776904777e+00
4.503845550527862500e+14 2.312885467496791581e+00
4.508672096530878750e+14 2.312885704216678384e+00
4.513498642533895625e+14 2.312885940936565188e+00
4.518325188536911875e+14 2.312886177656451991e+00
4.523151734539928750e+14 2.312886414376338351e+00
4.527978280542945000e+14 2.312886651096225155e+00
4.532804826545961875e+14 2.312886887816111958e+00
4.537631372548978125e+14 2.312887124535998762e+00
4.542457918551995000e+14 2.312887361255885565e+00
4.547284464555011250e+14 2.312887597975772369e+00
4.552111010558028125e+14 2.312887834695659173e+00
4.556937556561045625e+14 2.312888071415545976e+00
4.561764102564060625e+14 2.312888308135432780e+00
4.566590648567078750e+14 2.312888544855319584e+00
4.571417194570093750e+14 2.312888781575206387e+00
4.576243740573110000e+14 2.312889018295093191e+00
4.581070286576126875e+14 2.312889255014979994e+00
4.585896832579143750e+14 2.312889491734866798e+00
4.590723378582160000e+14 2.312889728454753602e+00
4.595549924585176250e+14 2.312889965174640405e+00
4.600376470588192500e+14 2.312890201894527209e+00
4.605203016591210000e+14 2.312890438614414013e+00
4.610029562594225625e+14 2.312890675334300816e+00
4.614856108597242500e+14 2.312890912054187620e+00
4.619682654600258750e+14 2.312891148774074423e+00
4.624509200603276250e+14 2.312891385493961227e+00
4.629335746606291875e+14 2.312891622213848031e+00
4.634162292609308750e+14 2.312891858933734834e+00
4.638988838612325000e+14 2.312892095653621638e+00
4.643815384615342500e+14 2.312892332373508442e+00
4.648641930618358125e+14 2.312892569093395245e+00
4.653468476621375000e+14 2.312892805813281605e+00
4.658295022624391250e+14 2.312893042533168408e+00
4.663121568627408750e+14 2.312893279253055212e+00
4.667948114630424375e+14 2.312893515972942016e+00
4.672774660633440625e+14 2.312893752692828819e+00
4.677601206636457500e+14 2.312893989412715623e+00
4.682427752639474375e+14 2.312894226132602427e+00
4.687254298642490625e+14 2.312894462852489230e+00
4.692080844645506875e+14 2.312894699572376034e+00
4.696907390648523750e+14 2.312894936292262837e+00
4.701733936651540000e+14 2.312895173012149641e+00
4.706560482654556875e+14 2.312895409732036445e+00
4.711387028657573750e+14 2.312895646451923248e+00
4.716213574660590000e+14 2.312895883171810052e+00
4.721040120663606875e+14 2.312896119891696856e+00
4.725866666666623125e+14 2.312896356611583659e+00
4.730693212669639375e+14 2.312896593331470463e+00
4.735519758672656250e+14 2.312896830051357266e+00
4.740346304675673125e+14 2.312897066771244070e+00
