0.000000000000000000e+00 -4.082531803830712965e-27
1.097401473872062225e+11 -2.922682720859192560e-27
2.194802947744124451e+11 -1.762833637887666415e-27
3.292204421616186523e+11 -6.029845549161517504e-28
4.389605895488248901e+11 5.568645280553686543e-28
5.487007369360310669e+11 1.716713611026894799e-27
6.584408843232373047e+11 2.876562693998412334e-27
7.681810317104434814e+11 4.036411776969929868e-27
8.779211790976497803e+11 5.196260859941453143e-27
9.876613264848558350e+11 6.356109942912973548e-27
1.097401473872062134e+12 7.515959025884491082e-27
1.207141621259268311e+12 8.675808108856011487e-27
1.316881768646474609e+12 9.835657191827534762e-27
1.426621916033680420e+12 1.099550627479904943e-26
1.536362063420886963e+12 1.215535535777057270e-26
1.646102210808092773e+12 1.331520444074209024e-26
1.755842358195299561e+12 1.447505352371361638e-26
1.865582505582505371e+12 1.563490260668513392e-26
1.975322652969711670e+12 1.679475168965665432e-26
2.085062800356917969e+12 1.795460077262817472e-26
2.194802947744124268e+12 1.911444985559969513e-26
2.304543095131330566e+12 2.027429893857121840e-26
2.414283242518536621e+12 2.143414802154273594e-26
2.524023389905742676e+12 2.259399710451425634e-26
2.633763537292949219e+12 2.375384618748577962e-26
2.743503684680155273e+12 2.491369527045729715e-26
2.853243832067360840e+12 2.607354435342881182e-26
2.962983979454567383e+12 2.723339343640033796e-26
3.072724126841773926e+12 2.839698167229744752e-26
3.182464274228979492e+12 2.957763393690190778e-26
3.292204421616185547e+12 3.077733224181961039e-26
3.401944569003392578e+12 3.199701539326363722e-26
3.511684716390599121e+12 3.323765790990532125e-26
3.621424863777804199e+12 3.450026568455584578e-26
3.731165011165010742e+12 3.578588004504412992e-26
3.840905158552216797e+12 3.709559612370581493e-26
3.950645305939423340e+12 3.843054265452155913e-26
4.060385453326630859e+12 3.979188092206508781e-26
4.170125600713835938e+12 4.118084770336247278e-26
4.279865748101042480e+12 4.259869472989052223e-26
4.389605895488248535e+12 4.404678004923902934e-26
4.499346042875454102e+12 4.552645443514320152e-26
4.609086190262661133e+12 4.703917284685368093e-26
4.718826337649867188e+12 4.858645800507505234e-26
4.828566485037073242e+12 5.016987010849058722e-26
4.938306632424279297e+12 5.179106458729408701e-26
5.048046779811485352e+12 5.345175610295545054e-26
5.157786927198691406e+12 5.515377009349376582e-26
5.267527074585898438e+12 5.689899387043571911e-26
5.377267221973103516e+12 5.868938264362187667e-26
5.487007369360310547e+12 6.052710231235742721e-26
5.596747516747515625e+12 6.241423992880399601e-26
5.706487664134721680e+12 6.435323704912850093e-26
5.816227811521928711e+12 6.634638134891478682e-26
5.925967958909134766e+12 6.839629577772596111e-26
6.035708106296341797e+12 7.050558417433019349e-26
6.145448253683547852e+12 7.267722990643770091e-26
6.255188401070753906e+12 7.491413884248477141e-26
6.364928548457958984e+12 7.721939692726871615e-26
6.474668695845166016e+12 7.959639578831694781e-26
6.584408843232371094e+12 8.204864611895501599e-26
6.694148990619578125e+12 8.457977488268598504e-26
6.803889138006785156e+12 8.719382851112072012e-26
6.913629285393990234e+12 8.989499820886281765e-26
7.023369432781198242e+12 9.268772033714442042e-26
7.133109580168404297e+12 9.557671880231094748e-26
7.242849727555608398e+12 9.856663676126998873e-26
7.352589874942816406e+12 1.016628957624153146e-25
7.462330022330021484e+12 1.048714215864773649e-25
7.572070169717228516e+12 1.081982683560298618e-25
7.681810317104433594e+12 1.116495262036085717e-25
7.791550464491641602e+12 1.152313390306303540e-25
7.901290611878846680e+12 1.189525905287187555e-25
8.011030759266052734e+12 1.228197503390197046e-25
8.120770906653261719e+12 1.268413323913036473e-25
8.230511054040463867e+12 1.310263440482852143e-25
8.340251201427671875e+12 1.353840525494504914e-25
8.449991348814876953e+12 1.399241329221413191e-25
8.559731496202084961e+12 1.446600350665002995e-25
8.669471643589291016e+12 1.495994377203579152e-25
8.779211790976497070e+12 1.547592447445068161e-25
8.888951938363703125e+12 1.601503286321166790e-25
8.998692085750908203e+12 1.657875235241392898e-25
9.108432233138115234e+12 1.716870871470784096e-25
9.218172380525322266e+12 1.778661957214164180e-25
9.327912527912527344e+12 1.843428703955713894e-25
9.437652675299734375e+12 1.911358382498750688e-25
9.547392822686937500e+12 1.982705090386243869e-25
9.657132970074146484e+12 2.057682365887817215e-25
9.766873117461351562e+12 2.136520879252809160e-25
9.876613264848558594e+12 2.219548585306944740e-25
9.986353412235765625e+12 2.307045530456361781e-25
1.009609355962297070e+13 2.399302347765340017e-25
1.020583370701017773e+13 2.496726446262388257e-25
1.031557385439738281e+13 2.599758924947020077e-25
1.042531400178458789e+13 2.708772456691079882e-25
1.053505414917179688e+13 2.824250184209084537e-25
1.064479429655900195e+13 2.946715790028084887e-25
1.075453444394620703e+13 3.076734649200268876e-25
1.086427459133341406e+13 3.215068971317530499e-25
1.097401473872062109e+13 3.362392513344303647e-25
1.108375488610782617e+13 3.519384041305267766e-25
1.119349503349503125e+13 3.686831385597140504e-25
1.130323518088224023e+13 3.866263413343733647e-25
1.141297532826944336e+13 4.058090360847188482e-25
1.152271547565665039e+13 4.264113162333561427e-25
1.163245562304385742e+13 4.485171774169729120e-25
1.174219577043106445e+13 4.723567224962359298e-25
1.185193591781826953e+13 4.980155938649009084e-25
1.196167606520547656e+13 5.257792522563591374e-25
1.207141621259268359e+13 5.558534920359631614e-25
1.218115635997988867e+13 5.884551589841581118e-25
1.229089650736709570e+13 6.238872277461731006e-25
1.240063665475430078e+13 6.625594068883313487e-25
1.251037680214150781e+13 7.048765441842315735e-25
1.262011694952871484e+13 7.512492030928964064e-25
1.272985709691591797e+13 8.022207768703364293e-25
1.283959724430312695e+13 8.584258750352735547e-25
1.294933739169033203e+13 9.206080067854388222e-25
1.305907753907753906e+13 9.896407426709048157e-25
1.316881768646474219e+13 1.066552753546666435e-24
1.327855783385195117e+13 1.152556825138463907e-24
1.338829798123915625e+13 1.249367521574632762e-24
1.349803812862636328e+13 1.358992475584473668e-24
1.360777827601357031e+13 1.483401485406999140e-24
1.371751842340077539e+13 1.625212728400276624e-24
1.382725857078798047e+13 1.787534368576684768e-24
1.393699871817518945e+13 1.976847409863374859e-24
1.404673886556239648e+13 2.197253035089774652e-24
1.415647901294959961e+13 2.454555048906979931e-24
1.426621916033680859e+13 2.762703730224723125e-24
1.437595930772401367e+13 3.131453464321109746e-24
1.448569945511121680e+13 3.576144731737181808e-24
1.459543960249842383e+13 4.130825995874186600e-24
1.470517974988563281e+13 4.811084191309820231e-24
1.481491989727283789e+13 5.700789704318620904e-24
1.492466004466004297e+13 6.827800586869064554e-24
1.503440019204725000e+13 8.388249885779730763e-24
1.514414033943445703e+13 1.048564041953119288e-23
1.525388048682166211e+13 1.361054247392029691e-23
1.536362063420886719e+13 1.831538733862815074e-23
1.547336078159607422e+13 2.606257132542898685e-23
1.558310092898328320e+13 4.112360726122150660e-23
1.569284107637048633e+13 7.334395427545992626e-23
1.580258122375769336e+13 2.017143310198258641e-22
1.591232137114489844e+13 1.251207705680482007e+01
1.602206151853210547e+13 1.133053051849217141e+01
1.613180166591931250e+13 4.216113774612828990e+00
1.624154181330652344e+13 3.016952958330526791e+00
1.635128196069372461e+13 2.253606992014144161e+00
1.646102210808092773e+13 1.670417864678034325e+00
1.657076225546813672e+13 1.152926237031650647e+00
1.668050240285534375e+13 5.586457430545462843e-01
1.679024255024254883e+13 5.714575051537144986e-23
1.689998269762975391e+13 2.577061694997259606e-23
1.700972284501695703e+13 1.676179005604703248e-23
1.711946299240416992e+13 1.214651634637695537e-23
1.722920313979137305e+13 9.320426689516483983e-24
1.733894328717858203e+13 7.421708385101513851e-24
1.744868343456578711e+13 6.088532670352718418e-24
1.755842358195299414e+13 5.093339004661571864e-24
1.766816372934019922e+13 4.324239150621657812e-24
1.777790387672740625e+13 3.716243108918402729e-24
1.788764402411460938e+13 3.226408526106706304e-24
1.799738417150181641e+13 2.825323297167423536e-24
1.810712431888902344e+13 2.492236137296974658e-24
1.821686446627623047e+13 2.212134933426750370e-24
1.832660461366343750e+13 1.973922547723021157e-24
1.843634476105064453e+13 1.769239043047134315e-24
1.854608490843784375e+13 1.591679148955712453e-24
1.865582505582505469e+13 1.436259216789510755e-24
1.876556520321226172e+13 1.299046067515297753e-24
1.887530535059946875e+13 1.176893469960243543e-24
1.898504549798667188e+13 1.067488865560598523e-24
1.909478564537387500e+13 9.691790078688219071e-25
1.920452579276108594e+13 8.793145753467440143e-25
1.931426594014829297e+13 7.964286661630810577e-25
1.942400608753550391e+13 7.192556093909497150e-25
1.953374623492270312e+13 6.466825353486766805e-25
1.964348638230991016e+13 5.777114223557724679e-25
1.975322652969711719e+13 5.114301326886128796e-25
1.986296667708432031e+13 4.470288414417376888e-25
1.997270682447153125e+13 3.834546433409282622e-25
2.008244697185873438e+13 3.194390228877832931e-25
2.019218711924594141e+13 2.539926521530549197e-25
2.030192726663314844e+13 1.860702924972557013e-25
2.041166741402035547e+13 1.146021861339931650e-25
2.052140756140756250e+13 3.576183467712978830e-26
2.063114770879476562e+13 -5.202509492957305295e-26
2.074088785618197266e+13 -1.510733825496512440e-25
2.085062800356917578e+13 -2.640949166586208055e-25
2.096036815095638281e+13 -4.004837852185155458e-25
2.107010829834359375e+13 -5.733265905053493043e-25
2.117984844573079688e+13 -7.888328769880845621e-25
2.128958859311800391e+13 -1.057147626599719508e-24
2.139932874050521094e+13 -1.438992594800393457e-24
2.150906888789241406e+13 -2.004612721290236623e-24
2.161880903527962109e+13 -2.821233214175272070e-24
2.172854918266682812e+13 -4.014067311298591559e-24
2.183828933005403516e+13 -6.622391002214839737e-24
2.194802947744124219e+13 -1.242732693230943572e-23
2.205776962482844922e+13 -2.184192888888402924e-23
2.216750977221565234e+13 -1.424992582556091903e-22
2.227724991960285938e+13 -2.968036733156337380e-22
2.238699006699006250e+13 -4.834898992802736627e-22
2.249673021437726953e+13 -1.901715971011133194e-22
2.260647036176448047e+13 -2.255206862229825208e-23
2.271621050915168359e+13 -1.030906248312130825e-23
2.282595065653888672e+13 -6.373080574520636395e-24
2.293569080392609766e+13 -3.955331696211214792e-24
2.304543095131330078e+13 -2.794862439618308576e-24
2.315517109870050781e+13 -2.062858680931115958e-24
2.326491124608771484e+13 -1.524137461107433278e-24
2.337465139347492188e+13 -1.215967784923975451e-24
2.348439154086212891e+13 -9.602494160434683038e-25
2.359413168824933203e+13 -7.748313937457660473e-25
2.370387183563653906e+13 -6.390860449184324939e-25
2.381361198302374609e+13 -5.217417787833052424e-25
2.392335213041095312e+13 -4.419888053656706824e-25
2.403309227779816016e+13 -3.695521819198499021e-25
2.414283242518536719e+13 -3.140615856386715089e-25
2.425257257257257031e+13 -2.670599965033986629e-25
2.436231271995977734e+13 -2.273525048572602819e-25
2.447205286734698438e+13 -1.955858172377538333e-25
2.458179301473419141e+13 -1.665302755977781703e-25
2.469153316212139453e+13 -1.443181345977365570e-25
2.480127330950860156e+13 -1.230506909928897378e-25
2.491101345689580859e+13 -1.066865788533696593e-25
2.502075360428301562e+13 -9.104997725920023487e-26
2.513049375167022266e+13 -7.853276869285216285e-26
2.524023389905742969e+13 -6.679893637913881565e-26
2.534997404644463281e+13 -5.713307803136810292e-26
2.545971419383183594e+13 -4.817080215949790548e-26
2.556945434121904297e+13 -4.065057195347946102e-26
2.567919448860625391e+13 -3.369922687752893926e-26
2.578893463599345703e+13 -2.781461162918582159e-26
2.589867478338066406e+13 -2.235055070342633492e-26
2.600841493076787109e+13 -1.772671027281475930e-26
2.611815507815507812e+13 -1.338181263416922148e-26
2.622789522554228125e+13 -9.739146546845773950e-27
2.633763537292948438e+13 -6.249738579424899453e-27
2.644737552031669922e+13 -3.376945523078948124e-27
2.655711566770390234e+13 -5.509555701403710655e-28
2.666685581509110938e+13 1.713508950994235941e-27
2.677659596247831250e+13 3.977973472128762682e-27
2.688633610986552344e+13 5.799068352615729130e-27
2.699607625725272656e+13 7.579985192895659058e-27
2.710581640463992969e+13 9.083569144434936743e-27
2.721555655202714062e+13 1.047820863353132671e-26
2.732529669941434766e+13 1.172442819061137183e-26
2.743503684680155078e+13 1.280923692367486681e-26
2.754477699418875781e+13 1.384442613154463338e-26
2.765451714157596094e+13 1.467992390985800082e-26
2.776425728896316406e+13 1.551542168817136826e-26
2.787399743635037891e+13 1.617460643646838063e-26
2.798373758373758203e+13 1.680901622312472515e-26
2.809347773112479297e+13 1.736039296656772311e-26
2.820321787851199609e+13 1.783236169927469202e-26
2.831295802589919922e+13 1.829108311493286378e-26
2.842269817328640625e+13 1.863174195046683455e-26
2.853243832067361719e+13 1.897240078600081681e-26
2.864217846806081250e+13 1.924464378287406549e-26
2.875191861544802734e+13 1.947918282777048672e-26
2.886165876283523828e+13 1.970161965187221313e-26
2.897139891022243359e+13 1.985050202920877444e-26
2.908113905760964453e+13 1.999938440654535583e-26
2.919087920499684766e+13 2.010762129453739875e-26
2.930061935238405469e+13 2.018752664064126487e-26
2.941035949977126562e+13 2.026743198674513099e-26
2.952009964715846875e+13 2.029270375186879034e-26
2.962983979454567578e+13 2.031726686804724399e-26
2.973957994193287891e+13 2.032709473177186718e-26
2.984932008932008594e+13 2.030748782717170584e-26
2.995906023670728906e+13 2.028788092257154163e-26
3.006880038409450000e+13 2.024633206912286984e-26
3.017854053148170312e+13 2.019172662879810312e-26
3.028828067886891406e+13 2.013712118847333065e-26
3.039802082625612500e+13 2.005874717070079483e-26
3.050776097364332422e+13 1.997668249440465994e-26
3.061750112103052734e+13 1.989359969834688802e-26
3.072724126841773438e+13 1.979027857779733250e-26
3.083698141580493750e+13 1.968695745724778272e-26
3.094672156319214844e+13 1.958085658902176352e-26
3.105646171057935547e+13 1.946138373407914328e-26
3.116620185796656641e+13 1.934191087913651730e-26
3.127594200535376953e+13 1.921961264754795755e-26
3.138568215274097266e+13 1.908818785422117417e-26
3.149542230012817969e+13 1.895676306089438791e-26
3.160516244751538672e+13 1.882330779147148235e-26
3.171490259490258984e+13 1.868338312884229334e-26
3.182464274228979688e+13 1.854345846621309860e-26
3.193438288967700391e+13 1.840252735670283556e-26
3.204412303706421094e+13 1.825693559551040575e-26
3.215386318445141797e+13 1.811134383431797595e-26
3.226360333183862500e+13 1.796558307747956997e-26
3.237334347922582812e+13 1.781664301801013551e-26
3.248308362661304688e+13 1.766770295854067809e-26
3.259282377400024219e+13 1.751876289907125224e-26
3.270256392138744922e+13 1.736857675237988696e-26
3.281230406877465625e+13 1.721817990888175464e-26
3.292204421616185547e+13 1.706778306538363379e-26
3.303178436354906641e+13 1.691743284455477319e-26
3.314152451093627344e+13 1.676711501678253563e-26
3.325126465832348438e+13 1.661679718901028945e-26
3.336100480571068750e+13 1.646681179434067343e-26
3.347074495309789453e+13 1.631781233724203655e-26
3.358048510048509766e+13 1.616881288014340541e-26
3.369022524787230469e+13 1.601981342304476853e-26
3.379996539525950781e+13 1.587275306808526704e-26
3.390970554264671875e+13 1.572606410860563326e-26
3.401944569003391406e+13 1.557937514912601958e-26
3.412918583742112891e+13 1.543376618543005114e-26
3.423892598480833984e+13 1.529017359404012397e-26
3.434866613219554688e+13 1.514658100265020254e-26
3.445840627958274609e+13 1.500298841126029259e-26
3.456814642696995703e+13 1.486228266733763023e-26
3.467788657435716406e+13 1.472240024348031644e-26
3.478762672174435938e+13 1.458251781962301987e-26
3.489736686913157422e+13 1.444315522875737184e-26
3.500710701651878125e+13 1.430745328302952678e-26
3.511684716390598828e+13 1.417175133730168172e-26
3.522658731129319531e+13 1.403604939157383665e-26
3.533632745868039844e+13 1.390209031614425736e-26
3.544606760606760156e+13 1.377091961175724292e-26
3.555580775345481250e+13 1.363974890737021700e-26
3.566554790084201562e+13 1.350857820298319969e-26
3.577528804822921875e+13 1.338006601838038270e-26
3.588502819561642188e+13 1.325367785810422548e-26
3.599476834300363281e+13 1.312728969782805965e-26
3.610450849039083594e+13 1.300090153755189956e-26
3.621424863777804688e+13 1.287765676763653920e-26
3.632398878516525000e+13 1.275621987066856790e-26
3.643372893255246094e+13 1.263478297370058942e-26
3.654346907993966406e+13 1.251334607673261955e-26
3.665320922732687500e+13 1.239503216897936404e-26
3.676294937471407812e+13 1.227864686774110811e-26
3.687268952210128906e+13 1.216226156650284501e-26
3.698242966948849219e+13 1.204587626526458909e-26
3.709216981687568750e+13 1.193205090978330928e-26
3.720190996426289844e+13 1.182076110391994043e-26
3.731165011165010938e+13 1.170947129805657159e-26
3.742139025903731250e+13 1.159818149219320992e-26
3.753113040642452344e+13 1.148833644709119154e-26
3.764087055381172656e+13 1.138213967652996191e-26
3.775061070119893750e+13 1.127594290596872510e-26
3.786035084858614062e+13 1.116974613540749546e-26
3.797009099597334375e+13 1.106354936484626583e-26
3.807983114336055469e+13 1.096219384992275406e-26
3.818957129074775000e+13 1.086104978728818870e-26
3.829931143813496875e+13 1.075990572465360326e-26
3.840905158552217188e+13 1.065876166201903216e-26
3.851879173290938281e+13 1.056021662255346166e-26
3.862853188029658594e+13 1.046405423483108749e-26
3.873827202768378906e+13 1.036789184710871332e-26
3.884801217507100781e+13 1.027172945938632623e-26
3.895775232245820312e+13 1.017556707166395923e-26
3.906749246984540625e+13 1.008414432812631644e-26
3.917723261723261719e+13 9.992867916049332776e-27
3.928697276461982031e+13 9.901591503972354853e-27
3.939671291200702344e+13 9.810315091895378365e-27
3.950645305939423438e+13 9.720463230476496890e-27
3.961619320678144531e+13 9.633957519982926231e-27
3.972593335416864062e+13 9.547451809489368487e-27
3.983567350155585938e+13 9.460946098995790654e-27
3.994541364894306250e+13 9.374440388502225736e-27
4.005515379633025781e+13 9.290266745849388700e-27
4.016489394371746875e+13 9.208401177750101176e-27
4.027463409110467969e+13 9.126535609650813652e-27
4.038437423849188281e+13 9.044670041551531868e-27
4.049411438587909375e+13 8.962804473452244344e-27
4.060385453326629688e+13 8.883533949798750725e-27
4.071359468065350000e+13 8.806166290419120566e-27
4.082333482804071094e+13 8.728798631039484668e-27
4.093307497542791406e+13 8.651430971659853074e-27
4.104281512281512500e+13 8.574063312280217175e-27
4.115255527020232031e+13 8.498940265844354750e-27
4.126229541758953125e+13 8.425919641974283951e-27
4.137203556497674219e+13 8.352899018104214586e-27
4.148177571236394531e+13 8.279878394234149525e-27
4.159151585975115625e+13 8.206857770364080160e-27
4.170125600713835156e+13 8.135157827508859240e-27
4.181099615452556250e+13 8.066327272811648044e-27
4.192073630191276562e+13 7.997496718114441153e-27
4.203047644929997656e+13 7.928666163417231393e-27
4.214021659668718750e+13 7.859835608720020197e-27
4.224995674407439062e+13 7.791005054022813306e-27
4.235969689146159375e+13 7.726072773194174361e-27
4.246943703884879688e+13 7.661271359705388089e-27
4.257917718623600781e+13 7.596469946216596078e-27
4.268891733362321094e+13 7.531668532727808372e-27
4.279865748101042188e+13 7.466867119239016360e-27
4.290839762839763281e+13 7.403871357690938742e-27
4.301813777578482812e+13 7.342935974724836917e-27
4.312787792317203906e+13 7.282000591758725047e-27
4.323761807055924219e+13 7.221065208792617482e-27
4.334735821794645312e+13 7.160129825826507047e-27
4.345709836533365625e+13 7.099194442860399482e-27
4.356683851272085938e+13 7.041247333536319221e-27
4.367657866010807031e+13 6.984014166820566552e-27
4.378631880749527344e+13 6.926781000104818188e-27
4.389605895488248438e+13 6.869547833389065519e-27
4.400579910226968750e+13 6.812314666673317156e-27
4.411553924965689844e+13 6.755081499957564487e-27
4.422527939704409375e+13 6.701319282780300072e-27
4.433501954443130469e+13 6.647625038661824556e-27
4.444475969181851562e+13 6.593930794543347606e-27
4.455449983920571875e+13 6.540236550424874961e-27
4.466423998659292969e+13 6.486542306306398010e-27
4.477398013398012500e+13 6.432848062187929670e-27
4.488372028136733594e+13 6.382465140895215940e-27
4.499346042875453906e+13 6.332148053733164388e-27
4.510320057614175000e+13 6.281830966571109967e-27
4.521294072352896094e+13 6.231513879409055545e-27
4.532268087091616406e+13 6.181196792247004711e-27
4.543242101830336719e+13 6.130879705084953877e-27
4.554216116569057031e+13 6.083131639296761655e-27
4.565190131307777344e+13 6.036032294483924518e-27
4.576164146046498438e+13 5.988932949671083793e-27
4.587138160785219531e+13 5.941833604858243786e-27
4.598112175523940625e+13 5.894734260045403062e-27
4.609086190262660156e+13 5.847634915232569512e-27
4.620060205001381250e+13 5.801839887349750504e-27
4.631034219740101562e+13 5.757801887605070922e-27
4.642008234478823438e+13 5.713763887860384882e-27
4.652982249217542969e+13 5.669725888115708887e-27
4.663956263956263281e+13 5.625687888371029305e-27
4.674930278694984375e+13 5.581649888626346136e-27
4.685904293433704688e+13 5.537611888881666553e-27
4.696878308172425781e+13 5.496059469263528225e-27
4.707852322911146094e+13 5.454929967772635143e-27
4.718826337649866406e+13 5.413800466281742061e-27
4.729800352388587500e+13 5.372670964790845392e-27
4.740774367127307812e+13 5.331541463299952310e-27
4.751748381866028906e+13 5.290411961809055641e-27
4.762722396604749219e+13 5.249488069912991620e-27
4.773696411343470312e+13 5.211118190444146794e-27
4.784670426082190625e+13 5.172748310975304120e-27
4.795644440820910938e+13 5.134378431506462163e-27
4.806618455559632031e+13 5.096008552037616619e-27
4.817592470298353125e+13 5.057638672568771793e-27
4.828566485037073438e+13 5.019268793099929836e-27
4.839540499775793750e+13 4.981096893522373795e-27
4.850514514514514062e+13 4.945342054715489381e-27
4.861488529253234375e+13 4.909587215908604249e-27
4.872462543991955469e+13 4.873832377101716964e-27
4.883436558730675781e+13 4.838077538294832550e-27
4.894410573469396875e+13 4.802322699487945266e-27
4.905384588208117969e+13 4.766567860681057981e-27
4.916358602946838281e+13 4.730813021874173567e-27
4.927332617685558594e+13 4.697155597460445211e-27
4.938306632424278906e+13 4.663875755990386864e-27
4.949280647163000000e+13 4.630595914520325647e-27
4.960254661901720312e+13 4.597316073050267300e-27
4.971228676640441406e+13 4.564036231580206083e-27
4.982202691379161719e+13 4.530756390110147736e-27
4.993176706117882031e+13 4.497476548640088671e-27
5.004150720856603125e+13 4.465081643398409468e-27
5.015124735595323438e+13 4.434141468590742558e-27
5.026098750334044531e+13 4.403201293783073495e-27
5.037072765072764062e+13 4.372261118975408019e-27
5.048046779811485938e+13 4.341320944167736804e-27
5.059020794550206250e+13 4.310380769360069894e-27
5.069994809288926562e+13 4.279440594552402983e-27
5.080968824027647656e+13 4.248500419744733203e-27
5.091942838766367188e+13 4.219009079503982957e-27
5.102916853505088281e+13 4.190278070164467581e-27
5.113890868243808594e+13 4.161547060824953641e-27
5.124864882982530469e+13 4.132816051485436113e-27
5.135838897721250781e+13 4.104085042145922890e-27
5.146812912459971094e+13 4.075354032806409667e-27
5.157786927198691406e+13 4.046623023466895726e-27
5.168760941937411719e+13 4.017892014127382503e-27
5.179734956676132812e+13 3.990551024635863708e-27
5.190708971414853125e+13 3.963903577307714551e-27
5.201682986153574219e+13 3.937256129979563241e-27
5.212657000892295312e+13 3.910608682651411931e-27
5.223631015631015625e+13 3.883961235323262774e-27
5.234605030369735938e+13 3.857313787995113617e-27
5.245579045108456250e+13 3.830666340666964460e-27
5.256553059847177344e+13 3.804018893338813150e-27
5.267527074585896875e+13 3.778152946020392292e-27
5.278501089324618750e+13 3.753468382556335184e-27
5.289475104063339844e+13 3.728783819092280228e-27
5.300449118802060156e+13 3.704099255628226707e-27
5.311423133540780469e+13 3.679414692164173904e-27
5.322397148279500781e+13 3.654730128700120383e-27
5.333371163018221875e+13 3.630045565236065427e-27
5.344345177756941406e+13 3.605361001772014059e-27
5.355319192495662500e+13 3.580676438307959103e-27
5.366293207234382031e+13 3.557532043848291637e-27
5.377267221973104688e+13 3.534694605049975391e-27
5.388241236711825000e+13 3.511857166251664166e-27
5.399215251450545312e+13 3.489019727453353660e-27
5.410189266189265625e+13 3.466182288655042435e-27
5.421163280927985938e+13 3.443344849856731211e-27
5.432137295666707031e+13 3.420507411058418552e-27
5.443111310405428125e+13 3.397669972260105175e-27
5.454085325144149219e+13 3.374832533461792516e-27
5.465059339882869531e+13 3.353658545354092125e-27
5.476033354621588281e+13 3.332557356458656039e-27
5.487007369360310156e+13 3.311456167563214213e-27
5.497981384099030469e+13 3.290354978667775257e-27
5.508955398837751562e+13 3.269253789772334866e-27
5.519929413576472656e+13 3.248152600876893758e-27
5.530903428315192188e+13 3.227051411981456596e-27
5.541877443053914062e+13 3.205950223086014411e-27
5.552851457792632812e+13 3.184849034190578684e-27
5.563825472531354688e+13 3.164976350478780189e-27
5.574799487270075781e+13 3.145505363438008017e-27
5.585773502008796094e+13 3.126034376397236922e-27
5.596747516747516406e+13 3.106563389356466185e-27
5.607721531486236719e+13 3.087092402315695448e-27
5.618695546224958594e+13 3.067621415274921482e-27
5.629669560963677344e+13 3.048150428234153615e-27
5.640643575702399219e+13 3.028679441193380008e-27
5.651617590441118750e+13 3.009208454152610347e-27
5.662591605179839844e+13 2.990045956785526267e-27
5.673565619918560938e+13 2.972103873566625955e-27
5.684539634657281250e+13 2.954161790347726720e-27
5.695513649396003125e+13 2.936219707128824973e-27
5.706487664134723438e+13 2.918277623909925737e-27
5.717461678873443750e+13 2.900335540691026501e-27
5.728435693612162500e+13 2.882393457472130135e-27
5.739409708350884375e+13 2.864451374253228388e-27
5.750383723089605469e+13 2.846509291034327717e-27
5.761357737828325781e+13 2.828567207815428840e-27
5.772331752567047656e+13 2.811029846669295616e-27
5.783305767305766406e+13 2.794520027190640565e-27
5.794279782044486719e+13 2.778010207711983361e-27
5.805253796783207031e+13 2.761500388233326157e-27
5.816227811521928906e+13 2.744990568754666800e-27
5.827201826260650000e+13 2.728480749276008520e-27
5.838175840999369531e+13 2.711970929797352392e-27
5.849149855738090625e+13 2.695461110318694112e-27
5.860123870476810938e+13 2.678951290840036907e-27
5.871097885215531250e+13 2.662441471361379703e-27
5.882071899954253125e+13 2.645931651882720347e-27
5.893045914692972656e+13 2.630727688132106114e-27
5.904019929431693750e+13 2.615558045918832545e-27
5.914993944170414062e+13 2.600388403705559693e-27
5.925967958909135156e+13 2.585218761492286124e-27
5.936941973647855469e+13 2.570049119279013273e-27
5.947915988386575781e+13 2.554879477065740780e-27
5.958890003125296094e+13 2.539709834852467928e-27
5.969864017864017188e+13 2.524540192639194359e-27
5.980838032602738281e+13 2.509370550425920431e-27
5.991812047341457812e+13 2.494200908212649015e-27
6.002786062080179688e+13 2.479349256045917354e-27
6.013760076818900000e+13 2.465432144234733866e-27
6.024734091557620312e+13 2.451515032423550019e-27
6.035708106296340625e+13 2.437597920612366531e-27
6.046682121035060938e+13 2.423680808801182684e-27
6.057656135773782812e+13 2.409763696989997402e-27
6.068630150512503906e+13 2.395846585178812479e-27
6.079604165251225000e+13 2.381929473367627914e-27
6.090578179989943750e+13 2.368012361556446220e-27
6.101552194728664844e+13 2.354095249745261655e-27
6.112526209467385156e+13 2.340178137934078167e-27
6.123500224206105469e+13 2.326373028618231407e-27
6.134474238944828125e+13 2.313625118549356961e-27
6.145448253683546875e+13 2.300877208480486819e-27
6.156422268422267969e+13 2.288129298411614166e-27
6.167396283160987500e+13 2.275381388342743307e-27
6.178370297899710938e+13 2.262633478273868143e-27
6.189344312638429688e+13 2.249885568204998360e-27
6.200318327377150000e+13 2.237137658136126424e-27
6.211292342115871094e+13 2.224389748067253771e-27
6.222266356854591406e+13 2.211641837998382195e-27
6.233240371593313281e+13 2.198893927929508466e-27
6.244214386332032812e+13 2.186146017860637606e-27
6.255188401070753906e+13 2.173913478989950980e-27
6.266162415809474219e+13 2.162255633287282633e-27
6.277136430548194531e+13 2.150597787584614644e-27
6.288110445286914844e+13 2.138939941881946656e-27
6.299084460025635938e+13 2.127282096179277950e-27
6.310058474764357031e+13 2.115624250476608885e-27
6.321032489503077344e+13 2.103966404773940897e-27
6.332006504241798438e+13 2.092308559071272191e-27
6.342980518980517969e+13 2.080650713368604920e-27
6.353954533719239062e+13 2.068992867665935856e-27
6.364928548457959375e+13 2.057335021963267867e-27
6.375902563196680469e+13 2.045677176260599162e-27
6.386876577935400781e+13 2.034379843418142936e-27
6.397850592674121094e+13 2.023736985168150179e-27
6.408824607412842188e+13 2.013094126918156346e-27
6.419798622151562500e+13 2.002451268668163589e-27
6.430772636890283594e+13 1.991808410418169756e-27
6.441746651629003906e+13 1.981165552168177000e-27
6.452720666367725000e+13 1.970522693918183167e-27
6.463694681106445312e+13 1.959879835668190410e-27
6.474668695845165625e+13 1.949236977418197294e-27
6.485642710583885938e+13 1.938594119168204538e-27
6.496616725322609375e+13 1.927951260918208552e-27
6.507590740061328125e+13 1.917308402668217231e-27
6.518564754800048438e+13 1.906665544418224115e-27
6.529538769538769531e+13 1.896693506569259468e-27
6.540512784277489844e+13 1.886994485959672865e-27
6.551486799016211719e+13 1.877295465350085185e-27
6.562460813754931250e+13 1.867596444740499299e-27
6.573434828493652344e+13 1.857897424130911979e-27
6.584408843232371094e+13 1.848198403521326810e-27
6.595382857971092969e+13 1.838499382911738772e-27
6.606356872709813281e+13 1.828800362302152169e-27
6.617330887448534375e+13 1.819101341692564848e-27
6.628304902187254688e+13 1.809402321082978245e-27
6.639278916925973438e+13 1.799703300473393077e-27
6.650252931664696875e+13 1.790004279863803604e-27
6.661226946403416406e+13 1.780305259254217718e-27
6.672200961142137500e+13 1.771048255490609943e-27
6.683174975880857812e+13 1.762225715054610358e-27
6.694148990619578906e+13 1.753403174618610057e-27
6.705123005358299219e+13 1.744580634182610472e-27
6.716097020097019531e+13 1.735758093746610888e-27
6.727071034835740625e+13 1.726935553310610586e-27
6.738045049574460938e+13 1.718113012874611002e-27
6.749019064313182031e+13 1.709290472438610700e-27
6.759993079051901562e+13 1.700467932002611833e-27
6.770967093790623438e+13 1.691645391566611173e-27
6.781941108529343750e+13 1.682822851130611230e-27
6.792915123268064062e+13 1.674000310694611645e-27
6.803889138006782812e+13 1.665177770258613496e-27
6.814863152745506250e+13 1.656355229822611401e-27
6.825837167484225781e+13 1.648099675480529840e-27
6.836811182222946094e+13 1.640089914906756307e-27
6.847785196961667969e+13 1.632080154332981340e-27
6.858759211700386719e+13 1.624070393759208883e-27
6.869733226439109375e+13 1.616060633185433557e-27
6.880707241177829688e+13 1.608050872611659844e-27
6.891681255916549219e+13 1.600041112037886670e-27
6.902655270655268750e+13 1.592031351464113676e-27
6.913629285393991406e+13 1.584021590890338170e-27
6.924603300132711719e+13 1.576011830316564458e-27
6.935577314871432812e+13 1.568002069742790208e-27
6.946551329610153125e+13 1.559992309169016495e-27
6.957525344348871875e+13 1.551982548595244039e-27
6.968499359087594531e+13 1.543972788021468712e-27
6.979473373826314844e+13 1.536150196128561818e-27
6.990447388565035156e+13 1.528893037437905171e-27
7.001421403303756250e+13 1.521635878747248166e-27
7.012395418042477344e+13 1.514378720056591160e-27
7.023369432781197656e+13 1.507121561365934693e-27
7.034343447519917969e+13 1.499864402675278046e-27
7.045317462258639062e+13 1.492607243984621041e-27
7.056291476997359375e+13 1.485350085293964573e-27
7.067265491736079688e+13 1.478092926603307926e-27
7.078239506474800000e+13 1.470835767912651459e-27
7.089213521213520312e+13 1.463578609221994991e-27
7.100187535952240625e+13 1.456321450531338345e-27
7.111161550690962500e+13 1.449064291840680801e-27
7.122135565429681250e+13 1.441807133150025230e-27
7.133109580168403125e+13 1.434549974459367687e-27
7.144083594907125000e+13 1.427370579524118741e-27
7.155057609645843750e+13 1.420809233277174621e-27
7.166031624384565625e+13 1.414247887030228529e-27
7.177005639123284375e+13 1.407686540783284409e-27
7.187979653862007812e+13 1.401125194536337420e-27
7.198953668600726562e+13 1.394563848289393300e-27
7.209927683339446875e+13 1.388002502042448284e-27
7.220901698078167188e+13 1.381441155795503088e-27
7.231875712816889062e+13 1.374879809548557174e-27
7.242849727555609375e+13 1.368318463301611979e-27
7.253823742294331250e+13 1.361757117054665886e-27
7.264797757033050000e+13 1.355195770807721766e-27
7.275771771771770312e+13 1.348634424560776750e-27
7.286745786510492188e+13 1.342073078313830657e-27
7.297719801249212500e+13 1.335511732066885641e-27
7.308693815987932812e+13 1.328950385819940445e-27
7.319667830726653125e+13 1.322540897987314926e-27
7.330641845465375000e+13 1.316621831067983399e-27
7.341615860204095312e+13 1.310702764148652768e-27
7.352589874942815625e+13 1.304783697229322138e-27
7.363563889681535938e+13 1.298864630309991508e-27
7.374537904420257812e+13 1.292945563390659981e-27
7.385511919158978125e+13 1.287026496471329350e-27
7.396485933897698438e+13 1.281107429551998720e-27
7.407459948636418750e+13 1.275188362632668090e-27
7.418433963375137500e+13 1.269269295713338177e-27
7.429407978113860938e+13 1.263350228794005933e-27
7.440381992852579688e+13 1.257431161874676020e-27
7.451356007591301562e+13 1.251512094955344672e-27
7.462330022330021875e+13 1.245593028036014042e-27
7.473304037068742188e+13 1.239673961116683232e-27
7.484278051807462500e+13 1.233754894197352602e-27
7.495252066546184375e+13 1.227835827278021254e-27
7.506226081284904688e+13 1.222252557729162774e-27
7.517200096023625000e+13 1.216925363148813609e-27
7.528174110762345312e+13 1.211598168568464444e-27
7.539148125501065625e+13 1.206270973988115279e-27
7.550122140239787500e+13 1.200943779407765396e-27
7.561096154978507812e+13 1.195616584827416231e-27
7.572070169717228125e+13 1.190289390247067066e-27
7.583044184455948438e+13 1.184962195666717901e-27
7.594018199194668750e+13 1.179635001086368736e-27
7.604992213933390625e+13 1.174307806506018853e-27
7.615966228672110938e+13 1.168980611925669688e-27
7.626940243410831250e+13 1.163653417345320523e-27
7.637914258149550000e+13 1.158326222764972076e-27
7.648888272888273438e+13 1.152999028184621476e-27
7.659862287626993750e+13 1.147671833604272311e-27
7.670836302365715625e+13 1.142344639023922428e-27
7.681810317104434375e+13 1.137017444443573981e-27
7.692784331843153125e+13 1.131713897809027754e-27
7.703758346581876562e+13 1.126931166888249034e-27
7.714732361320595312e+13 1.122148435967472466e-27
7.725706376059317188e+13 1.117365705046694462e-27
7.736680390798037500e+13 1.112582974125917177e-27
7.747654405536757812e+13 1.107800243205139891e-27
7.758628420275478125e+13 1.103017512284362605e-27
7.769602435014201562e+13 1.098234781363583885e-27
7.780576449752920312e+13 1.093452050442807317e-27
7.791550464491640625e+13 1.088669319522030031e-27
7.802524479230360938e+13 1.083886588601252745e-27
7.813498493969081250e+13 1.079103857680475459e-27
7.824472508707801562e+13 1.074321126759698174e-27
7.835446523446523438e+13 1.069538395838920171e-27
7.846420538185243750e+13 1.064755664918142885e-27
7.857394552923964062e+13 1.059972933997365599e-27
7.868368567662685938e+13 1.055190203076587596e-27
7.879342582401404688e+13 1.050407472155811028e-27
7.890316597140126562e+13 1.045624741235033025e-27
7.901290611878846875e+13 1.041140571410911769e-27
7.912264626617567188e+13 1.036857768621317767e-27
7.923238641356289062e+13 1.032574965831723227e-27
7.934212656095007812e+13 1.028292163042129763e-27
7.945186670833728125e+13 1.024009360252535761e-27
7.956160685572448438e+13 1.019726557462941579e-27
7.967134700311171875e+13 1.015443754673346322e-27
7.978108715049890625e+13 1.011160951883752858e-27
7.989082729788612500e+13 1.006878149094158318e-27
8.000056744527331250e+13 1.002595346304564854e-27
8.011030759266051562e+13 9.983125435149708517e-28
8.022004774004775000e+13 9.940297407253755941e-28
8.032978788743493750e+13 9.897469379357821301e-28
8.043952803482215625e+13 9.854641351461874106e-28
8.054926818220935938e+13 9.811813323565934085e-28
8.065900832959656250e+13 9.768985295669994065e-28
8.076874847698376562e+13 9.726157267774054044e-28
8.087848862437096875e+13 9.683329239878112230e-28
8.098822877175818750e+13 9.640501211982166828e-28
8.109796891914539062e+13 9.598378218021781390e-28
8.120770906653259375e+13 9.560131624866402948e-28
8.131744921391979688e+13 9.521885031711024505e-28
8.142718936130700000e+13 9.483638438555646062e-28
8.153692950869420312e+13 9.445391845400267620e-28
8.164666965608142188e+13 9.407145252244883796e-28
8.175640980346860938e+13 9.368898659089510734e-28
8.186614995085582812e+13 9.330652065934125117e-28
8.197589009824304688e+13 9.292405472778741293e-28
8.208563024563025000e+13 9.254158879623362851e-28
8.219537039301743750e+13 9.215912286467989789e-28
8.230511054040464062e+13 9.177665693312611346e-28
8.241485068779185938e+13 9.139419100157227523e-28
8.252459083517906250e+13 9.101172507001849080e-28
8.263433098256626562e+13 9.062925913846470638e-28
8.274407112995348438e+13 9.024679320691086814e-28
8.285381127734068750e+13 8.986432727535708371e-28
8.296355142472789062e+13 8.948186134380329929e-28
8.307329157211509375e+13 8.909939541224951486e-28
8.318303171950231250e+13 8.871692948069567662e-28
8.329277186688951562e+13 8.833446354914189220e-28
8.340251201427670312e+13 8.797841019984239092e-28
8.351225216166392188e+13 8.763784331334017569e-28
8.362199230905112500e+13 8.729727642683801426e-28
8.373173245643832812e+13 8.695670954033583491e-28
8.384147260382553125e+13 8.661614265383367349e-28
8.395121275121275000e+13 8.627557576733144032e-28
8.406095289859995312e+13 8.593500888082927890e-28
8.417069304598715625e+13 8.559444199432709954e-28
8.428043319337437500e+13 8.525387510782488431e-28
8.439017334076157812e+13 8.491330822132272289e-28
8.449991348814878125e+13 8.457274133482054353e-28
8.460965363553596875e+13 8.423217444831841798e-28
8.471939378292318750e+13 8.389160756181620275e-28
8.482913393031039062e+13 8.355104067531404133e-28
8.493887407769759375e+13 8.321047378881186197e-28
8.504861422508481250e+13 8.286990690230964674e-28
8.515835437247201562e+13 8.252934001580748532e-28
8.526809451985921875e+13 8.218877312930530596e-28
8.537783466724642188e+13 8.184820624280312660e-28
8.548757481463364062e+13 8.150763935630091137e-28
8.559731496202084375e+13 8.116707246979874995e-28
8.570705510940804688e+13 8.082650558329657059e-28
8.581679525679526562e+13 8.052165473159994923e-28
8.592653540418245312e+13 8.021932314327297982e-28
8.603627555156965625e+13 7.991699155494596557e-28
8.614601569895685938e+13 7.961465996661895132e-28
8.625575584634407812e+13 7.931232837829190120e-28
8.636549599373128125e+13 7.900999678996488695e-28
8.647523614111848438e+13 7.870766520163787270e-28
8.658497628850570312e+13 7.840533361331082258e-28
8.669471643589290625e+13 7.810300202498380833e-28
8.680445658328010938e+13 7.780067043665679408e-28
8.691419673066731250e+13 7.749833884832977984e-28
8.702393687805453125e+13 7.719600726000272971e-28
8.713367702544171875e+13 7.689367567167576031e-28
8.724341717282892188e+13 7.659134408334874606e-28
8.735315732021614062e+13 7.628901249502168697e-28
8.746289746760334375e+13 7.598668090669467272e-28
8.757263761499054688e+13 7.568434931836766744e-28
8.768237776237775000e+13 7.538201773004065319e-28
8.779211790976496875e+13 7.507968614171359410e-28
8.790185805715217188e+13 7.477735455338658882e-28
8.801159820453937500e+13 7.447502296505957457e-28
8.812133835192659375e+13 7.417269137673251548e-28
8.823107849931379688e+13 7.387035978840550123e-28
8.834081864670098438e+13 7.360150274209278643e-28
8.845055879408818750e+13 7.333398297626142366e-28
8.856029894147540625e+13 7.306646321043003398e-28
8.867003908886260938e+13 7.279894344459867121e-28
8.877977923624981250e+13 7.253142367876731740e-28
8.888951938363703125e+13 7.226390391293591876e-28
8.899925953102423438e+13 7.199638414710456495e-28
8.910899967841143750e+13 7.172886438127321115e-28
8.921873982579864062e+13 7.146134461544184838e-28
8.932847997318585938e+13 7.119382484961045870e-28
8.943822012057306250e+13 7.092630508377909593e-28
8.954796026796025000e+13 7.065878531794777800e-28
8.965770041534745312e+13 7.039126555211642419e-28
8.976744056273467188e+13 7.012374578628502555e-28
8.987718071012187500e+13 6.985622602045367174e-28
8.998692085750907812e+13 6.958870625462231794e-28
9.009666100489629688e+13 6.932118648879091929e-28
9.020640115228350000e+13 6.905366672295956549e-28
9.031614129967068750e+13 6.878614695712824756e-28
9.042588144705792188e+13 6.851862719129681304e-28
9.053562159444512500e+13 6.825110742546545027e-28
9.064536174183232812e+13 6.798358765963409646e-28
9.075510188921956250e+13 6.771606789380266194e-28
9.086484203660673438e+13 6.744854812797138886e-28
9.097458218399393750e+13 6.719989730864337098e-28
9.108432233138114062e+13 6.696399520445295904e-28
9.119406247876834375e+13 6.672809310026254709e-28
9.130380262615554688e+13 6.649219099607213515e-28
9.141354277354276562e+13 6.625628889188168733e-28
9.152328292092996875e+13 6.602038678769127538e-28
9.163302306831718750e+13 6.578448468350082756e-28
9.174276321570439062e+13 6.554858257931041562e-28
9.185250336309162500e+13 6.531268047511993192e-28
9.196224351047881250e+13 6.507677837092955585e-28
9.207198365786600000e+13 6.484087626673917978e-28
9.218172380525320312e+13 6.460497416254876783e-28
9.229146395264040625e+13 6.436907205835835589e-28
9.240120410002762500e+13 6.413316995416790807e-28
9.251094424741482812e+13 6.389726784997749612e-28
9.262068439480203125e+13 6.366136574578708417e-28
9.273042454218923438e+13 6.342546364159666326e-28
9.284016468957646875e+13 6.318956153740618853e-28
9.294990483696365625e+13 6.295365943321581246e-28
9.305964498435085938e+13 6.271775732902540052e-28
9.316938513173807812e+13 6.248185522483495270e-28
9.327912527912526562e+13 6.224595312064456766e-28
9.338886542651246875e+13 6.201005101645415571e-28
9.349860557389968750e+13 6.177414891226371686e-28
9.360834572128689062e+13 6.153824680807329594e-28
9.371808586867409375e+13 6.130234470388288400e-28
9.382782601606128125e+13 6.108675519706627850e-28
9.393756616344851562e+13 6.087949528147066231e-28
9.404730631083571875e+13 6.067223536587511787e-28
9.415704645822292188e+13 6.046497545027956445e-28
9.426678660561012500e+13 6.025771553468401104e-28
9.437652675299732812e+13 6.005045561908846660e-28
9.448626690038453125e+13 5.984319570349291318e-28
9.459600704777175000e+13 5.963593578789733286e-28
9.470574719515895312e+13 5.942867587230178842e-28
9.481548734254615625e+13 5.922141595670623501e-28
9.492522748993335938e+13 5.901415604111068159e-28
9.503496763732057812e+13 5.880689612551510127e-28
9.514470778470778125e+13 5.859963620991955683e-28
9.525444793209498438e+13 5.839237629432400342e-28
9.536418807948223438e+13 5.818511637872836929e-28
9.547392822686940625e+13 5.797785646313287865e-28
9.558366837425660938e+13 5.777059654753732524e-28
9.569340852164381250e+13 5.756333663194177183e-28
9.580314866903098438e+13 5.735607671634628119e-28
9.591288881641821875e+13 5.714881680075067397e-28
9.602262896380542188e+13 5.694155688515512055e-28
9.613236911119264062e+13 5.673429696955954921e-28
9.624210925857984375e+13 5.652703705396399579e-28
9.635184940596706250e+13 5.631977713836841547e-28
9.646158955335425000e+13 5.611251722277289793e-28
9.657132970074146875e+13 5.590525730717731762e-28
9.668106984812867188e+13 5.569799739158176420e-28
9.679080999551587500e+13 5.549465538861671593e-28
9.690055014290309375e+13 5.531327057774049810e-28
9.701029029029028125e+13 5.513188576686433407e-28
9.712003043767748438e+13 5.495050095598815211e-28
9.722977058506468750e+13 5.476911614511196118e-28
9.733951073245190625e+13 5.458773133423574335e-28
9.744925087983910938e+13 5.440634652335956139e-28
9.755899102722631250e+13 5.422496171248337046e-28
9.766873117461351562e+13 5.404357690160717953e-28
9.777847132200073438e+13 5.386219209073097067e-28
9.788821146938793750e+13 5.368080727985477974e-28
9.799795161677514062e+13 5.349942246897858881e-28
9.810769176416235938e+13 5.331803765810237995e-28
9.821743191154954688e+13 5.313665284722621592e-28
9.832717205893676562e+13 5.295526803635000706e-28
9.843691220632395312e+13 5.277388322547384303e-28
9.854665235371117188e+13 5.259249841459762520e-28
9.865639250109837500e+13 5.241111360372144324e-28
9.876613264848557812e+13 5.222972879284525231e-28
9.887587279587279688e+13 5.204834398196903448e-28
9.898561294326000000e+13 5.186695917109285252e-28
9.909535309064720312e+13 5.168557436021666159e-28
9.920509323803440625e+13 5.150418954934047066e-28
9.931483338542162500e+13 5.132280473846426179e-28
9.942457353280882812e+13 5.114141992758807087e-28
9.953431368019603125e+13 5.096003511671187994e-28
9.964405382758323438e+13 5.077865030583569798e-28
9.975379397497043750e+13 5.059726549495950705e-28
9.986353412235764062e+13 5.041588068408332509e-28
9.997327426974484375e+13 5.023449587320713416e-28
1.000830144171320625e+14 5.007074153128185102e-28
1.001927545645192656e+14 4.991266315714306768e-28
1.003024947119064688e+14 4.975458478300428434e-28
1.004122348592936875e+14 4.959650640886547409e-28
1.005219750066808906e+14 4.943842803472668178e-28
1.006317151540680938e+14 4.928034966058789844e-28
1.007414553014552812e+14 4.912227128644913304e-28
1.008511954488425000e+14 4.896419291231032279e-28
1.009609355962297188e+14 4.880611453817151255e-28
1.010706757436169219e+14 4.864803616403272921e-28
1.011804158910041250e+14 4.848995778989394587e-28
1.012901560383913281e+14 4.833187941575515356e-28
1.013998961857785312e+14 4.817380104161637022e-28
1.015096363331657344e+14 4.801572266747758688e-28
1.016193764805529531e+14 4.785764429333877664e-28
1.017291166279401562e+14 4.769956591919999330e-28
1.018388567753273438e+14 4.754148754506122789e-28
1.019485969227145625e+14 4.738340917092241765e-28
1.020583370701017656e+14 4.722533079678362534e-28
1.021680772174889688e+14 4.706725242264484200e-28
1.022778173648761719e+14 4.690917404850605866e-28
1.023875575122633906e+14 4.675109567436724841e-28
1.024972976596506094e+14 4.659301730022843817e-28
1.026070378070378125e+14 4.643493892608965483e-28
1.027167779544250156e+14 4.627686055195086252e-28
1.028265181018122188e+14 4.611878217781207918e-28
1.029362582491994219e+14 4.596070380367329584e-28
1.030459983965866406e+14 4.580262542953448559e-28
1.031557385439738281e+14 4.564454705539572019e-28
1.032654786913610312e+14 4.548646868125693685e-28
1.033752188387482344e+14 4.532839030711814454e-28
1.034849589861354531e+14 4.517730709918064485e-28
1.035946991335226562e+14 4.504015525704980306e-28
1.037044392809098594e+14 4.490300341491896128e-28
1.038141794282970625e+14 4.476585157278812846e-28
1.039239195756842812e+14 4.462869973065726874e-28
1.040336597230714844e+14 4.449154788852642695e-28
1.041433998704587031e+14 4.435439604639556723e-28
1.042531400178459062e+14 4.421724420426472544e-28
1.043628801652331094e+14 4.408009236213389262e-28
1.044726203126203125e+14 4.394294052000305083e-28
1.045823604600074844e+14 4.380578867787225389e-28
1.046921006073947188e+14 4.366863683574137623e-28
1.048018407547819219e+14 4.353148499361053444e-28
1.049115809021691250e+14 4.339433315147969266e-28
1.050213210495563438e+14 4.325718130934883293e-28
1.051310611969435469e+14 4.312002946721800012e-28
1.052408013443307500e+14 4.298287762508715833e-28
1.053505414917179375e+14 4.284572578295633448e-28
1.054602816391051719e+14 4.270857394082545682e-28
1.055700217864923750e+14 4.257142209869462400e-28
1.056797619338795625e+14 4.243427025656380015e-28
1.057895020812667969e+14 4.229711841443292249e-28
1.058992422286540000e+14 4.215996657230208071e-28
1.060089823760412031e+14 4.202281473017124789e-28
1.061187225234284062e+14 4.188566288804040610e-28
1.062284626708156094e+14 4.174851104590956431e-28
1.063382028182027812e+14 4.161135920377876737e-28
1.064479429655900156e+14 4.147420736164788971e-28
1.065576831129772344e+14 4.133705551951702999e-28
1.066674232603644375e+14 4.119990367738618820e-28
1.067771634077516406e+14 4.106275183525534641e-28
1.068869035551388281e+14 4.092559999312453153e-28
1.069966437025260469e+14 4.078844815099367181e-28
1.071063838499132500e+14 4.065129630886283002e-28
1.072161239973004531e+14 4.052664671852181499e-28
1.073258641446876406e+14 4.040822092877185578e-28
1.074356042920748906e+14 4.028979513902182482e-28
1.075453444394620938e+14 4.017136934927185216e-28
1.076550845868492969e+14 4.005294355952187501e-28
1.077648247342365000e+14 3.993451776977189786e-28
1.078745648816237188e+14 3.981609198002190277e-28
1.079843050290109062e+14 3.969766619027194356e-28
1.080940451763981094e+14 3.957924040052197089e-28
1.082037853237853125e+14 3.946081461077199375e-28
1.083135254711725000e+14 3.934238882102203453e-28
1.084232656185597188e+14 3.922396303127203945e-28
1.085330057659469375e+14 3.910553724152204436e-28
1.086427459133341406e+14 3.898711145177207169e-28
1.087524860607213438e+14 3.886868566202209455e-28
1.088622262081085625e+14 3.875025987227209946e-28
1.089719663554957812e+14 3.863183408252210886e-28
1.090817065028829844e+14 3.851340829277213171e-28
1.091914466502701875e+14 3.839498250302215456e-28
1.093011867976573906e+14 3.827655671327217741e-28
1.094109269450445625e+14 3.815813092352223613e-28
1.095206670924317656e+14 3.803970513377225898e-28
1.096304072398190000e+14 3.792127934402225045e-28
1.096304072398190000e+14 3.792127934402225045e-28
1.101130618401206250e+14 3.740042390890512562e-28
1.105957164404222812e+14 3.687956847378796492e-28
1.110783710407239375e+14 3.635871303867080870e-28
1.115610256410256250e+14 3.590630801359992213e-28
1.120436802413272344e+14 3.545888409292547604e-28
1.125263348416289062e+14 3.501146017225097614e-28
1.130089894419305625e+14 3.456403625157648970e-28
1.134916440422322188e+14 3.411661233090199877e-28
1.139742986425338750e+14 3.366918841022751232e-28
1.144569532428355312e+14 3.322176448955302588e-28
1.149396078431371875e+14 3.277434056887853495e-28
1.154222624434388281e+14 3.233200333171373114e-28
1.159049170437404688e+14 3.194979330218896393e-28
1.163875716440421406e+14 3.156758327266417430e-28
1.168702262443437969e+14 3.118537324313939813e-28
1.173528808446454531e+14 3.080316321361461747e-28
1.178355354449470781e+14 3.042095318408986820e-28
1.183181900452487344e+14 3.003874315456508754e-28
1.188008446455503906e+14 2.965653312504031136e-28
1.192834992458520469e+14 2.927432309551553519e-28
1.197661538461537031e+14 2.889211306599075453e-28
1.202488084464553906e+14 2.853963200012404854e-28
1.207314630467570156e+14 2.821509212318534106e-28
1.212141176470586719e+14 2.789055224624660668e-28
1.216967722473603594e+14 2.756601236930785885e-28
1.221794268476619688e+14 2.724147249236915586e-28
1.226620814479636406e+14 2.691693261543041700e-28
1.231447360482652812e+14 2.659239273849169608e-28
1.236273906485669219e+14 2.626785286155297515e-28
1.241100452488685781e+14 2.594331298461424526e-28
1.245926998491702500e+14 2.561877310767550191e-28
1.250753544494719062e+14 2.530215882272196476e-28
1.255580090497735469e+14 2.502838334600876599e-28
1.260406636500752188e+14 2.475460786929554479e-28
1.265233182503768438e+14 2.448083239258235499e-28
1.270059728506785000e+14 2.420705691586914724e-28
1.274886274509801562e+14 2.393328143915593950e-28
1.279712820512818438e+14 2.365950596244270934e-28
1.284539366515834531e+14 2.338573048572952850e-28
1.289365912518851250e+14 2.311195500901631179e-28
1.294192458521867812e+14 2.283817953230310405e-28
1.299019004524884375e+14 2.256440405558989182e-28
1.303845550527900625e+14 2.229062857887670201e-28
1.308672096530917344e+14 2.205668808519688782e-28
1.313498642533933750e+14 2.182737453116676294e-28
1.318325188536950469e+14 2.159806097713662461e-28
1.323151734539967188e+14 2.136874742310648179e-28
1.327978280542983594e+14 2.113943386907635692e-28
1.332804826546000156e+14 2.091012031504622755e-28
1.337631372549016562e+14 2.068080676101610268e-28
1.342457918552033281e+14 2.045149320698596435e-28
1.347284464555049688e+14 2.022217965295583947e-28
1.352111010558065781e+14 1.999286609892572804e-28
1.356937556561082656e+14 1.976355254489558074e-28
1.361764102564099219e+14 1.953423899086544914e-28
1.366590648567115625e+14 1.932863119697143095e-28
1.371417194570132344e+14 1.913804679213147115e-28
1.376243740573148906e+14 1.894746238729151808e-28
1.381070286576165469e+14 1.875687798245156276e-28
1.385896832579182344e+14 1.856629357761159847e-28
1.390723378582198438e+14 1.837570917277166334e-28
1.395549924585215000e+14 1.818512476793170802e-28
1.400376470588231562e+14 1.799454036309175494e-28
1.405203016591248281e+14 1.780395595825179514e-28
1.410029562594264375e+14 1.761337155341186000e-28
1.414856108597281250e+14 1.742278714857189347e-28
1.419682654600297812e+14 1.723220274373194040e-28
1.424509200603314375e+14 1.704161833889198732e-28
1.429335746606330625e+14 1.685634421941972917e-28
1.434162292609347188e+14 1.669929341636056428e-28
1.438988838612363750e+14 1.654224261330139714e-28
1.443815384615380312e+14 1.638519181024223001e-28
1.448641930618397188e+14 1.622814100718305390e-28
1.453468476621413438e+14 1.607109020412389798e-28
1.458295022624430000e+14 1.591403940106473084e-28
1.463121568627446562e+14 1.575698859800556595e-28
1.467948114630462812e+14 1.559993779494640778e-28
1.472774660633479375e+14 1.544288699188724289e-28
1.477601206636495938e+14 1.528583618882807575e-28
1.482427752639512500e+14 1.512878538576890862e-28
1.487254298642529062e+14 1.497173458270974372e-28
1.492080844645545625e+14 1.481468377965057659e-28
1.496907390648562188e+14 1.465763297659140945e-28
1.501733936651578750e+14 1.451094432540893951e-28
1.506560482654595000e+14 1.438273736890990806e-28
1.511387028657611875e+14 1.425453041241086092e-28
1.516213574660628438e+14 1.412632345591182275e-28
1.521040120663645000e+14 1.399811649941278458e-28
1.525866666666661562e+14 1.386990954291374640e-28
1.530693212669678125e+14 1.374170258641470599e-28
1.535519758672694375e+14 1.361349562991567678e-28
1.540346304675710938e+14 1.348528867341663637e-28
1.545172850678727812e+14 1.335708171691758923e-28
1.549999396681744062e+14 1.322887476041856002e-28
1.554825942684760312e+14 1.310066780391952858e-28
1.559652488687777188e+14 1.297246084742048144e-28
1.564479034690793750e+14 1.284425389092144326e-28
1.569305580693810312e+14 1.271604693442240285e-28
1.574132126696826875e+14 1.258783997792336468e-28
1.578958672699843125e+14 1.245969070617551969e-28
1.583785218702860000e+14 1.235611319401568414e-28
1.588611764705876250e+14 1.225253568185586204e-28
1.593438310708893125e+14 1.214895816969602648e-28
1.598264856711909375e+14 1.204538065753620438e-28
1.603091402714925938e+14 1.194180314537637779e-28
1.607917948717942500e+14 1.183822563321654896e-28
1.612744494720959062e+14 1.173464812105672013e-28
1.617571040723975312e+14 1.163107060889689803e-28
1.622397586726992188e+14 1.152749309673706247e-28
1.627224132730008750e+14 1.142391558457723364e-28
1.632050678733025312e+14 1.132033807241740706e-28
1.636877224736041562e+14 1.121676056025758495e-28
1.641703770739058438e+14 1.111318304809774940e-28
1.646530316742074688e+14 1.100960553593792729e-28
1.651356862745091562e+14 1.090602802377809174e-28
1.656183408748107812e+14 1.080245051161826964e-28
1.661009954751124688e+14 1.069887299945843408e-28
1.665836500754140625e+14 1.059529548729862094e-28
1.670663046757157500e+14 1.050899080108321976e-28
1.675489592760173750e+14 1.042627418982250764e-28
1.680316138763190625e+14 1.034355757856178430e-28
1.685142684766206875e+14 1.026084096730107218e-28
1.689969230769223750e+14 1.017812435604035108e-28
1.694795776772240000e+14 1.009540774477963784e-28
1.699622322775256875e+14 1.001269113351891562e-28
1.704448868778273125e+14 9.929974522258203496e-29
1.709275414781290000e+14 9.847257910997481281e-29
1.714101960784305938e+14 9.764541299736774761e-29
1.718928506787322812e+14 9.681824688476051426e-29
1.723755052790339062e+14 9.599108077215339300e-29
1.728581598793355938e+14 9.516391465954617086e-29
1.733408144796372188e+14 9.433674854693904961e-29
1.738234690799389062e+14 9.350958243433182746e-29
1.743061236802405312e+14 9.268241632172470621e-29
1.747887782805422188e+14 9.185525020911747285e-29
1.752714328808438438e+14 9.102808409651035160e-29
1.757540874811455312e+14 9.020091798390312946e-29
1.762367420814471250e+14 8.937375187129606426e-29
1.767193966817488438e+14 8.863684783457197803e-29
1.772020512820504375e+14 8.798477789244688767e-29
1.776847058823521250e+14 8.733270795032168522e-29
1.781673604826537500e+14 8.668063800819656123e-29
1.786500150829554375e+14 8.602856806607134757e-29
1.791326696832570625e+14 8.537649812394622358e-29
1.796153242835587500e+14 8.472442818182100991e-29
1.800979788838603438e+14 8.407235823969593077e-29
1.805806334841620625e+14 8.342028829757068347e-29
1.810632880844637188e+14 8.276821835544551465e-29
1.815459426847653750e+14 8.211614841332034582e-29
1.820285972850669688e+14 8.146407847119526668e-29
1.825112518853686875e+14 8.081200852907001938e-29
1.829939064856702812e+14 8.015993858694492903e-29
1.834765610859719688e+14 7.950786864481972657e-29
1.839592156862735938e+14 7.885579870269460259e-29
1.844418702865752812e+14 7.820372876056938892e-29
1.849245248868769062e+14 7.755165881844426494e-29
1.854071794871785938e+14 7.689958887631905127e-29
1.858898340874802188e+14 7.624751893419392729e-29
1.863724886877819062e+14 7.559544899206872483e-29
1.868551432880835000e+14 7.494337904994363448e-29
1.873377978883851562e+14 7.429130910781847686e-29
1.878204524886867812e+14 7.373582772218432274e-29
1.883031070889885000e+14 7.322923616694229774e-29
1.887857616892901250e+14 7.272264461170037363e-29
1.892684162895918125e+14 7.221605305645838226e-29
1.897510708898934375e+14 7.170946150121645815e-29
1.902337254901951250e+14 7.120286994597446678e-29
1.907163800904967500e+14 7.069627839073254267e-29
1.911990346907984375e+14 7.018968683549056251e-29
1.916816892911000625e+14 6.968309528024863840e-29
1.921643438914017500e+14 6.917650372500664703e-29
1.926469984917033125e+14 6.866991216976479018e-29
1.931296530920050312e+14 6.816332061452276518e-29
1.936123076923066250e+14 6.765672905928087470e-29
1.940949622926083438e+14 6.715013750403884970e-29
1.945776168929099375e+14 6.664354594879695922e-29
1.950602714932115938e+14 6.613695439355500148e-29
1.955429260935133125e+14 6.563036283831298769e-29
1.960255806938149688e+14 6.512377128307102995e-29
1.965082352941166250e+14 6.461717972782907221e-29
1.969908898944182812e+14 6.411058817258711447e-29
1.974735444947198750e+14 6.360399661734522399e-29
1.979561990950215938e+14 6.309740506210319899e-29
1.984388536953231875e+14 6.259081350686130851e-29
1.989215082956249062e+14 6.208422195161929472e-29
1.994041628959265000e+14 6.157763039637739303e-29
1.998868174962282188e+14 6.107103884113537924e-29
2.003694720965298125e+14 6.065591387227669397e-29
2.008521266968315312e+14 6.026880838677142468e-29
2.013347812971331250e+14 5.988170290126626748e-29
2.018174358974348125e+14 5.949459741576102061e-29
2.023000904977364062e+14 5.910749193025585220e-29
2.027827450980380625e+14 5.872038644475063896e-29
2.032653996983397500e+14 5.833328095924540329e-29
2.037480542986414062e+14 5.794617547374017884e-29
2.042307088989430312e+14 5.755906998823498801e-29
2.047133634992447188e+14 5.717196450272975235e-29
2.051960180995463438e+14 5.678485901722456153e-29
2.056786726998480312e+14 5.639775353171931465e-29
2.061613273001496562e+14 5.601064804621412383e-29
2.066439819004513438e+14 5.562354256070888816e-29
2.071266365007529688e+14 5.523643707520369734e-29
2.076092911010546562e+14 5.484933158969845046e-29
2.080919457013562188e+14 5.446222610419331569e-29
2.085746003016579375e+14 5.407512061868804639e-29
2.090572549019595312e+14 5.368801513318287799e-29
2.095399095022612500e+14 5.330090964767761990e-29
2.100225641025628438e+14 5.291380416217245150e-29
2.105052187028645000e+14 5.252669867666723825e-29
2.109878733031662188e+14 5.213959319116196896e-29
2.114705279034678750e+14 5.175248770565675571e-29
2.119531825037694688e+14 5.136538222015158731e-29
2.124358371040711875e+14 5.097827673464631801e-29
2.129184917043727812e+14 5.059117124914114961e-29
2.134011463046745000e+14 5.020406576363588592e-29
2.138838009049760938e+14 4.981696027813072312e-29
2.143664555052778125e+14 4.944605759960031595e-29
2.148491101055794062e+14 4.915580920105130763e-29
2.153317647058811250e+14 4.886556080250222644e-29
2.158144193061827188e+14 4.857531240395321812e-29
2.162970739064844375e+14 4.828506400540413693e-29
2.167797285067860312e+14 4.799481560685512861e-29
2.172623831070877500e+14 4.770456720830604742e-29
2.177450377073893438e+14 4.741431880975703910e-29
2.182276923076909688e+14 4.712407041120801396e-29
2.187103469079926875e+14 4.683382201265893277e-29
2.191930015082943125e+14 4.654357361410990764e-29
2.196756561085959375e+14 4.625332521556088250e-29
2.201583107088976250e+14 4.596307681701181813e-29
2.206409653091992500e+14 4.567282841846279299e-29
2.211236199095009375e+14 4.538258001991372862e-29
2.216062745098025625e+14 4.509233162136470348e-29
2.220889291101042500e+14 4.480208322281563911e-29
2.225715837104058750e+14 4.451183482426661397e-29
2.230542383107075625e+14 4.422158642571755520e-29
2.235368929110091562e+14 4.393133802716854688e-29
2.240195475113108438e+14 4.364108962861948251e-29
2.245022021116124688e+14 4.335084123007045737e-29
2.249848567119141562e+14 4.306059283152139300e-29
2.254675113122157812e+14 4.277034443297236786e-29
2.259501659125174062e+14 4.248009603442334273e-29
2.264328205128191250e+14 4.218984763587426154e-29
2.269154751131207812e+14 4.189959923732521958e-29
2.273981297134223750e+14 4.160935083877621126e-29
2.278807843137240938e+14 4.131910244022712447e-29
2.283634389140256875e+14 4.102885404167812175e-29
2.288460935143274062e+14 4.073860564312904057e-29
2.293287481146290000e+14 4.044835724458003224e-29
2.298114027149306562e+14 4.015810884603099029e-29
2.302940573152323125e+14 3.986786044748194274e-29
2.307767119155339688e+14 3.957881076111164835e-29
2.312593665158356250e+14 3.936589863217410961e-29
2.317420211161373438e+14 3.915298650323654845e-29
2.322246757164389375e+14 3.894007437429903774e-29
2.327073303167406562e+14 3.872716224536147097e-29
2.331899849170422500e+14 3.851425011642396026e-29
2.336726395173438750e+14 3.830133798748643833e-29
2.341552941176456250e+14 3.808842585854886036e-29
2.346379487179472188e+14 3.787551372961134964e-29
2.351206033182488438e+14 3.766260160067382772e-29
2.356032579185505312e+14 3.744968947173627216e-29
2.360859125188521562e+14 3.723677734279875024e-29
2.365685671191538438e+14 3.702386521386120029e-29
2.370512217194554688e+14 3.681095308492367836e-29
2.375338763197571562e+14 3.659804095598612281e-29
2.380165309200587812e+14 3.638512882704860088e-29
2.384991855203604688e+14 3.617221669811105093e-29
2.389818401206620625e+14 3.595930456917354022e-29
2.394644947209637812e+14 3.574639244023597345e-29
2.399471493212653750e+14 3.553348031129846274e-29
2.404298039215670625e+14 3.532056818236091279e-29
2.409124585218686875e+14 3.510765605342339086e-29
2.413951131221703438e+14 3.489474392448585212e-29
2.418777677224720312e+14 3.468183179554830217e-29
2.423604223227736875e+14 3.446891966661076343e-29
2.428430769230753125e+14 3.425600753767323590e-29
2.433257315233770312e+14 3.404309540873567474e-29
2.438083861236785938e+14 3.383018327979817524e-29
2.442910407239802500e+14 3.361727115086064210e-29
2.447736953242819688e+14 3.340435902192307534e-29
2.452563499245835625e+14 3.319144689298556462e-29
2.457390045248851875e+14 3.297853476404804270e-29
2.462216591251868750e+14 3.276562263511048714e-29
2.467043137254885312e+14 3.255271050617295401e-29
2.471869683257901875e+14 3.233979837723541527e-29
2.476696229260918438e+14 3.212688624829787653e-29
2.481522775263935000e+14 3.191397411936033779e-29
2.486349321266951562e+14 3.170106199042280465e-29
2.491175867269968750e+14 3.148814986148523789e-29
2.496002413272985312e+14 3.127523773254769915e-29
2.500828959276001875e+14 3.107274652150803798e-29
2.505655505279017500e+14 3.092050931483007150e-29
2.510482051282034375e+14 3.076827210815206579e-29
2.515308597285050625e+14 3.061603490147407689e-29
2.520135143288068125e+14 3.046379769479604876e-29
2.524961689291083750e+14 3.031156048811808228e-29
2.529788235294100312e+14 3.015932328144008778e-29
2.534614781297117188e+14 3.000708607476208207e-29
2.539441327300133750e+14 2.985484886808408196e-29
2.544267873303150000e+14 2.970261166140609867e-29
2.549094419306166875e+14 2.955037445472808735e-29
2.553920965309182812e+14 2.939813724805010967e-29
2.558747511312200312e+14 2.924590004137208714e-29
2.563574057315215938e+14 2.909366283469412067e-29
2.568400603318233125e+14 2.894142562801610374e-29
2.573227149321249375e+14 2.878918842133811485e-29
2.578053695324265938e+14 2.863695121466011474e-29
2.582880241327282188e+14 2.848471400798213145e-29
2.587706787330299062e+14 2.833247680130412574e-29
2.592533333333315312e+14 2.818023959462613684e-29
2.597359879336332188e+14 2.802800238794813113e-29
2.602186425339348438e+14 2.787576518127014223e-29
2.607012971342365000e+14 2.772352797459214773e-29
2.611839517345381250e+14 2.757129076791415883e-29
2.616666063348397812e+14 2.741905356123616433e-29
2.621492609351414062e+14 2.726681635455817544e-29
2.626319155354430938e+14 2.711457914788016972e-29
2.631145701357447500e+14 2.696234194120216962e-29
2.635972247360464062e+14 2.681010473452417511e-29
2.640798793363480625e+14 2.665786752784617501e-29
2.645625339366497812e+14 2.650563032116816369e-29
2.650451885369513438e+14 2.635339311449019161e-29
2.655278431372530000e+14 2.620115590781219711e-29
2.660104977375546875e+14 2.604891870113419140e-29
2.664931523378563438e+14 2.589668149445619129e-29
2.669758069381579688e+14 2.574444428777820800e-29
2.674584615384596562e+14 2.559220708110020229e-29
2.679411161387612812e+14 2.543996987442221339e-29
2.684237707390630312e+14 2.528773266774418526e-29
2.689064253393645938e+14 2.513549546106621878e-29
2.693890799396662500e+14 2.498325825438822148e-29
2.698717345399679375e+14 2.483102104771021576e-29
2.703543891402695938e+14 2.467878384103221846e-29
2.708370437405711250e+14 2.452654663435426039e-29
2.713196983408728750e+14 2.437430942767623506e-29
2.718023529411745000e+14 2.422207222099824617e-29
2.722850075414761875e+14 2.406983501432024045e-29
2.727676621417778750e+14 2.392149991903896157e-29
2.732503167420795312e+14 2.381589304953209970e-29
2.737329713423811250e+14 2.371028618002525184e-29
2.742156259426828125e+14 2.360467931051838436e-29
2.746982805429843750e+14 2.349907244101154210e-29
2.751809351432861250e+14 2.339346557150466061e-29
2.756635897435877500e+14 2.328785870199780435e-29
2.761462443438894375e+14 2.318225183249093687e-29
2.766288989441910625e+14 2.307664496298408060e-29
2.771115535444927812e+14 2.297103809347720751e-29
2.775942081447943750e+14 2.286543122397035685e-29
2.780768627450960312e+14 2.275982435446349498e-29
2.785595173453976562e+14 2.265421748495664151e-29
2.790421719456993125e+14 2.254861061544977964e-29
2.795248265460009688e+14 2.244300374594291777e-29
2.800074811463027188e+14 2.233739687643603627e-29
2.804901357466042812e+14 2.223179000692919402e-29
2.809727903469059375e+14 2.212618313742233215e-29
2.814554449472075625e+14 2.202057626791547868e-29
2.819380995475092500e+14 2.191496939840860840e-29
2.824207541478109375e+14 2.180936252890174092e-29
2.829034087481125625e+14 2.170375565939488745e-29
2.833860633484141250e+14 2.159814878988804520e-29
2.838687179487158750e+14 2.149254192038116371e-29
2.843513725490175000e+14 2.138693505087430744e-29
2.848340271493191875e+14 2.128132818136743996e-29
2.853166817496208125e+14 2.117572131186058369e-29
2.857993363499225000e+14 2.107011444235371621e-29
2.862819909502241250e+14 2.096450757284685995e-29
2.867646455505258125e+14 2.085890070333999247e-29
2.872473001508273750e+14 2.075329383383315301e-29
2.877299547511291250e+14 2.064768696432626872e-29
2.882126093514307500e+14 2.054208009481941526e-29
2.886952639517324375e+14 2.043647322531254497e-29
2.891779185520340000e+14 2.033086635580570552e-29
2.896605731523357500e+14 2.022525948629882123e-29
2.901432277526373125e+14 2.011965261679198177e-29
2.906258823529390000e+14 2.001404574728511430e-29
2.911085369532406875e+14 1.990843887777824401e-29
2.915911915535423125e+14 1.980283200827139055e-29
2.920738461538439375e+14 1.969722513876453428e-29
2.925565007541456250e+14 1.959161826925766680e-29
2.930391553544472500e+14 1.948601139975081053e-29
2.935218099547489375e+14 1.938040453024394306e-29
2.940044645550505625e+14 1.927479766073708679e-29
2.944871191553521875e+14 1.916919079123023332e-29
2.949697737556538750e+14 1.906358392172336304e-29
2.954524283559556250e+14 1.895797705221648155e-29
2.959350829562571250e+14 1.885237018270965331e-29
2.964177375565588750e+14 1.874676331320277182e-29
2.969003921568605000e+14 1.864115644369591555e-29
2.973830467571621875e+14 1.853554957418904807e-29
2.978657013574638125e+14 1.842994270468219460e-29
2.983483559577655000e+14 1.832433583517532432e-29
2.988310105580671250e+14 1.821872896566847086e-29
2.993136651583688125e+14 1.811312209616160057e-29
2.997963197586704375e+14 1.800751522665474711e-29
3.002789743589720625e+14 1.792211830792801695e-29
3.007616289592736875e+14 1.785147675118982893e-29
3.012442835595753750e+14 1.778083519445162970e-29
3.017269381598770000e+14 1.771019363771344169e-29
3.022095927601787500e+14 1.763955208097523405e-29
3.026922473604803125e+14 1.756891052423705444e-29
3.031749019607820625e+14 1.749826896749884681e-29
3.036575565610836875e+14 1.742762741076065879e-29
3.041402111613853125e+14 1.735698585402247078e-29
3.046228657616868750e+14 1.728634429728429117e-29
3.051055203619886250e+14 1.721570274054608353e-29
3.055881749622902500e+14 1.714506118380789552e-29
3.060708295625919375e+14 1.707441962706969629e-29
3.065534841628935625e+14 1.700377807033150827e-29
3.070361387631951875e+14 1.693313651359332026e-29
3.075187933634968750e+14 1.686249495685512103e-29
3.080014479637985625e+14 1.679185340011692460e-29
3.084841025641001250e+14 1.672121184337874499e-29
3.089667571644018750e+14 1.665057028664053736e-29
3.094494117647035000e+14 1.657992872990234934e-29
3.099320663650051875e+14 1.650928717316415012e-29
3.104147209653067500e+14 1.643864561642597051e-29
3.108973755656085000e+14 1.636800405968776568e-29
3.113800301659100625e+14 1.629736250294958607e-29
3.118626847662117500e+14 1.622672094621138684e-29
3.123453393665134375e+14 1.615607938947319042e-29
3.128279939668150625e+14 1.608543783273499960e-29
3.133106485671166875e+14 1.601479627599681158e-29
3.137933031674183750e+14 1.594415471925861515e-29
3.142759577677200000e+14 1.587351316252042434e-29
3.147586123680217500e+14 1.580287160578221950e-29
3.152412669683233125e+14 1.573223004904403989e-29
3.157239215686249375e+14 1.566158849230584908e-29
3.162065761689266250e+14 1.559094693556765265e-29
3.166892307692283125e+14 1.552030537882945342e-29
3.171718853695298750e+14 1.544966382209127381e-29
3.176545399698316250e+14 1.537902226535306898e-29
3.181371945701332500e+14 1.530838070861487816e-29
3.186198491704349375e+14 1.523773915187668174e-29
3.191025037707365625e+14 1.516709759513849372e-29
3.195851583710381875e+14 1.509645603840030290e-29
3.200678129713398125e+14 1.502581448166211489e-29
3.205504675716415625e+14 1.495517292492390725e-29
3.210331221719431250e+14 1.488453136818572764e-29
3.215157767722448125e+14 1.481388981144753122e-29
3.219984313725464375e+14 1.474324825470934320e-29
3.224810859728481250e+14 1.467260669797114397e-29
3.229637405731497500e+14 1.460196514123295596e-29
3.234463951734515000e+14 1.453132358449474832e-29
3.239290497737530625e+14 1.446068202775656871e-29
3.244117043740547500e+14 1.439004047101837229e-29
3.248943589743564375e+14 1.431939891428017306e-29
3.253770135746580625e+14 1.424875735754198505e-29
3.258596681749596875e+14 1.417811580080379703e-29
3.263423227752614375e+14 1.410747424406558939e-29
3.268249773755630000e+14 1.403683268732740979e-29
3.273076319758646875e+14 1.396619113058921336e-29
3.277902865761663125e+14 1.389554957385102254e-29
3.282729411764680000e+14 1.382490801711282612e-29
3.287555957767696250e+14 1.375426646037463810e-29
3.292382503770713125e+14 1.368362490363643887e-29
3.297209049773729375e+14 1.361298334689825086e-29
3.302035595776746250e+14 1.354234179016005163e-29
3.306862141779761875e+14 1.347170023342187202e-29
3.311688687782779375e+14 1.340105867668366439e-29
3.316515233785795000e+14 1.333041711994548758e-29
3.321341779788811875e+14 1.325977556320728835e-29
3.326168325791828125e+14 1.318913400646910034e-29
3.330994871794845000e+14 1.311849244973090111e-29
3.335821417797861250e+14 1.306096917012352735e-29
3.340647963800878125e+14 1.301577528968205529e-29
3.345474509803894375e+14 1.297058140924058603e-29
3.350301055806911250e+14 1.292538752879911398e-29
3.355127601809927500e+14 1.288019364835764753e-29
3.359954147812944375e+14 1.283499976791617267e-29
3.364780693815960625e+14 1.278980588747470622e-29
3.369607239818977500e+14 1.274461200703323136e-29
3.374433785821993750e+14 1.269941812659176491e-29
3.379260331825010625e+14 1.265422424615029285e-29
3.384086877828026875e+14 1.260903036570882360e-29
3.388913423831043750e+14 1.256383648526735154e-29
3.393739969834060000e+14 1.251864260482588369e-29
3.398566515837076875e+14 1.247344872438441023e-29
3.403393061840093125e+14 1.242825484394294238e-29
3.408219607843110000e+14 1.238306096350146892e-29
3.413046153846125625e+14 1.233786708306000807e-29
3.417872699849142500e+14 1.229267320261853462e-29
3.422699245852158750e+14 1.224747932217706676e-29
3.427525791855175625e+14 1.220228544173559331e-29
3.432352337858191875e+14 1.215709156129412545e-29
3.437178883861208750e+14 1.211189768085265340e-29
3.442005429864225000e+14 1.206670380041118555e-29
3.446831975867241875e+14 1.202150991996971209e-29
3.451658521870258125e+14 1.197631603952824424e-29
3.456485067873275000e+14 1.193112215908677078e-29
3.461311613876291250e+14 1.188592827864530433e-29
3.466138159879308125e+14 1.184073439820383087e-29
3.470964705882324375e+14 1.179554051776236302e-29
3.475791251885341250e+14 1.175034663732088956e-29
3.480617797888357500e+14 1.170515275687942171e-29
3.485444343891374375e+14 1.165995887643794825e-29
3.490270889894390625e+14 1.161476499599648180e-29
3.495097435897407500e+14 1.156957111555500834e-29
3.499923981900423750e+14 1.152437723511354049e-29
3.504750527903440625e+14 1.147918335467206703e-29
3.509577073906456875e+14 1.143398947423059918e-29
3.514403619909473750e+14 1.138879559378912572e-29
3.519230165912489375e+14 1.134360171334766487e-29
3.524056711915506250e+14 1.129840783290619142e-29
3.528883257918522500e+14 1.125321395246472356e-29
3.533709803921539375e+14 1.120802007202325151e-29
3.538536349924555625e+14 1.116282619158178365e-29
3.543362895927572500e+14 1.111763231114031020e-29
3.548189441930588750e+14 1.107243843069884234e-29
3.553015987933605625e+14 1.102724455025736889e-29
3.557842533936621875e+14 1.098205066981590244e-29
3.562669079939638750e+14 1.093685678937442758e-29
3.567495625942655000e+14 1.089166290893296112e-29
3.572322171945671875e+14 1.084646902849148767e-29
3.577148717948688125e+14 1.080127514805001981e-29
3.581975263951705000e+14 1.075608126760854636e-29
3.586801809954721250e+14 1.071088738716707850e-29
3.591628355957738125e+14 1.066569350672560645e-29
3.596454901960754375e+14 1.062049962628413860e-29
3.601281447963771250e+14 1.057530574584266514e-29
3.606107993966787500e+14 1.053011186540119729e-29
3.610934539969804375e+14 1.048491798495972383e-29
3.615761085972820625e+14 1.043972410451825738e-29
3.620587631975836250e+14 1.039453022407679513e-29
3.625414177978852500e+14 1.034933634363532728e-29
3.630240723981870000e+14 1.030414246319384821e-29
3.635067269984885625e+14 1.025894858275238737e-29
3.639893815987903125e+14 1.021375470231090831e-29
3.644720361990918750e+14 1.016856082186944606e-29
3.649546907993936250e+14 1.012336694142796700e-29
3.654373453996953125e+14 1.007817306098649354e-29
3.659199999999969375e+14 1.003297918054502569e-29
3.664026546002986250e+14 9.987785300103553629e-30
3.668853092006002500e+14 9.942591419662085776e-30
3.673679638009019375e+14 9.897397539220612319e-30
3.678506184012035625e+14 9.852203658779144466e-30
3.683332730015052500e+14 9.807009778337671008e-30
3.688159276018068750e+14 9.761815897896204557e-30
3.692985822021085625e+14 9.716622017454729698e-30
3.697812368024101875e+14 9.671428137013263247e-30
3.702638914027117500e+14 9.626234256571801000e-30
3.707465460030135000e+14 9.581040376130321937e-30
3.712292006033151875e+14 9.535846495688849881e-30
3.717118552036168125e+14 9.490652615247380627e-30
3.721945098039185000e+14 9.445458734805908570e-30
3.726771644042201250e+14 9.400264854364440718e-30
3.731598190045216875e+14 9.355070973922978471e-30
3.736424736048233750e+14 9.309877093481506414e-30
3.741251282051250000e+14 9.264683213040037160e-30
3.746077828054266875e+14 9.219489332598565104e-30
3.750904374057283125e+14 9.177640060448989197e-30
3.755730920060300000e+14 9.150295990772083961e-30
3.760557466063316250e+14 9.122951921095181527e-30
3.765384012066333750e+14 9.095607851418273488e-30
3.770210558069349375e+14 9.068263781741375259e-30
3.775037104072365000e+14 9.040919712064477029e-30
3.779863650075382500e+14 9.013575642387567589e-30
3.784690196078399375e+14 8.986231572710662353e-30
3.789516742081415625e+14 8.958887503033761321e-30
3.794343288084432500e+14 8.931543433356856085e-30
3.799169834087448750e+14 8.904199363679953652e-30
3.803996380090465625e+14 8.876855294003048416e-30
3.808822926093481875e+14 8.849511224326147384e-30
3.813649472096498750e+14 8.822167154649240746e-30
3.818476018099515000e+14 8.794823084972339714e-30
3.823302564102531875e+14 8.767479015295434478e-30
3.828129110105547500e+14 8.740134945618536249e-30
3.832955656108565000e+14 8.712790875941626809e-30
3.837782202111580625e+14 8.685446806264728579e-30
3.842608748114598125e+14 8.658102736587820541e-30
3.847435294117614375e+14 8.630758666910918107e-30
3.852261840120631250e+14 8.603414597234012871e-30
3.857088386123646250e+14 8.576070527557118846e-30
3.861914932126664375e+14 8.548726457880206603e-30
3.866741478129680000e+14 8.521382388203308373e-30
3.871568024132697500e+14 8.494038318526398934e-30
3.876394570135713125e+14 8.466694248849500704e-30
3.881221116138730625e+14 8.439350179172591264e-30
3.886047662141746250e+14 8.412006109495693035e-30
3.890874208144763750e+14 8.384662039818784996e-30
3.895700754147779375e+14 8.357317970141886766e-30
3.900527300150796875e+14 8.329973900464977326e-30
3.905353846153812500e+14 8.302629830788079097e-30
3.910180392156830000e+14 8.275285761111171058e-30
3.915006938159845625e+14 8.247941691434272829e-30
3.919833484162863125e+14 8.220597621757363389e-30
3.924660030165878750e+14 8.193253552080465159e-30
3.929486576168894375e+14 8.165909482403566930e-30
3.934313122171910625e+14 8.138565412726664496e-30
3.939139668174928750e+14 8.111221343049752254e-30
3.943966214177943750e+14 8.083877273372858228e-30
3.948792760180961250e+14 8.056533203695948788e-30
3.953619306183976875e+14 8.029189134019050559e-30
3.958445852186994375e+14 8.001845064342142520e-30
3.963272398190010000e+14 7.974500994665244291e-30
3.968098944193027500e+14 7.947156924988334851e-30
3.972925490196043125e+14 7.919812855311436621e-30
3.977752036199060625e+14 7.892468785634528582e-30
3.982578582202076250e+14 7.865124715957630353e-30
3.987405128205093750e+14 7.837780646280720913e-30
3.992231674208109375e+14 7.810436576603822683e-30
3.997058220211126875e+14 7.783092506926913244e-30
4.001884766214143750e+14 7.755748437250008008e-30
4.006711312217160000e+14 7.728404367573106975e-30
4.011537858220175625e+14 7.701060297896208746e-30
4.016364404223193125e+14 7.673716228219299306e-30
4.021190950226210000e+14 7.646372158542394070e-30
4.026017496229226250e+14 7.619028088865493038e-30
4.030844042232243125e+14 7.591684019188587802e-30
4.035670588235259375e+14 7.564339949511685368e-30
4.040497134238275000e+14 7.536995879834787139e-30
4.045323680241291875e+14 7.509651810157881903e-30
4.050150226244308125e+14 7.482307740480980871e-30
4.054976772247325000e+14 7.454963670804074233e-30
4.059803318250341250e+14 7.427619601127173201e-30
4.064629864253358125e+14 7.400275531450267965e-30
4.069456410256374375e+14 7.372931461773365532e-30
4.074282956259391875e+14 7.345587392096457493e-30
4.079109502262407500e+14 7.318243322419559264e-30
4.083936048265423125e+14 7.290899252742661034e-30
4.088762594268440625e+14 7.263555183065751594e-30
4.093589140271457500e+14 7.236211113388846358e-30
4.098415686274473750e+14 7.208867043711945326e-30
4.103242232277490625e+14 7.181522974035038689e-30
4.108068778280506875e+14 7.154178904358137656e-30
4.112895324283523750e+14 7.126834834681232420e-30
4.117721870286540000e+14 7.099490765004329987e-30
4.122548416289556875e+14 7.072146695327424751e-30
4.127374962292573125e+14 7.044802625650523719e-30
4.132201508295590000e+14 7.017458555973618483e-30
4.137028054298606250e+14 6.990114486296716049e-30
4.141854600301623125e+14 6.962770416619810813e-30
4.146681146304638750e+14 6.935426346942912584e-30
4.151507692307655000e+14 6.908082277266011552e-30
4.156334238310671875e+14 6.880738207589104914e-30
4.161160784313688125e+14 6.853394137912203882e-30
4.165987330316704375e+14 6.826050068235302850e-30
4.170813876319721250e+14 6.798705998558396213e-30
4.175640422322738125e+14 6.771361928881492378e-30
4.180466968325755625e+14 6.744017859204582938e-30
4.185293514328771250e+14 6.716673789527684709e-30
4.190120060331788750e+14 6.689329719850775269e-30
4.194946606334804375e+14 6.661985650173877039e-30
4.199773152337821875e+14 6.634641580496969001e-30
4.204599698340837500e+14 6.607297510820070771e-30
4.209426244343855000e+14 6.579953441143161331e-30
4.214252790346870625e+14 6.552609371466263102e-30
4.219079336349888125e+14 6.525265301789355063e-30
4.223905882352903750e+14 6.497921232112456833e-30
4.228732428355921250e+14 6.470577162435547393e-30
4.233558974358936875e+14 6.443233092758649164e-30
4.238385520361952500e+14 6.415889023081750934e-30
4.243212066364970000e+14 6.388544953404841494e-30
4.248038612367987500e+14 6.361200883727933456e-30
4.252865158371001875e+14 6.333856814051042233e-30
4.257691704374019375e+14 6.306512744374132793e-30
4.262518250377035000e+14 6.279168674697234563e-30
4.267344796380052500e+14 6.251824605020325824e-30
4.272171342383068125e+14 6.224480535343427595e-30
4.276997888386085625e+14 6.197136465666518855e-30
4.281824434389101250e+14 6.169792395989620626e-30
4.286650980392118750e+14 6.144767127841425109e-30
4.291477526395134375e+14 6.129371244179720702e-30
4.296304072398151875e+14 6.113975360518010690e-30
4.301130618401167500e+14 6.098579476856306283e-30
4.305957164404185000e+14 6.083183593194595570e-30
4.310783710407200625e+14 6.067787709532891163e-30
4.315610256410218125e+14 6.052391825871180450e-30
4.320436802413233750e+14 6.036995942209476043e-30
4.325263348416251250e+14 6.021600058547766031e-30
4.330089894419266875e+14 6.006204174886061623e-30
4.334916440422284375e+14 5.990808291224350911e-30
4.339742986425300000e+14 5.975412407562646503e-30
4.344569532428317500e+14 5.960016523900935791e-30
4.349396078431333125e+14 5.944620640239231383e-30
4.354222624434350625e+14 5.929224756577521371e-30
4.359049170437366250e+14 5.913828872915816263e-30
4.363875716440383125e+14 5.898432989254108353e-30
4.368702262443399375e+14 5.883037105592401844e-30
4.373528808446416250e+14 5.867641221930693233e-30
4.378355354449432500e+14 5.852245338268986724e-30
4.383181900452448750e+14 5.836849454607280215e-30
4.388008446455465625e+14 5.821453570945571604e-30
4.392834992458481875e+14 5.806057687283865095e-30
4.397661538461498750e+14 5.790661803622157185e-30
4.402488084464515625e+14 5.775265919960448574e-30
4.407314630467531875e+14 5.759870036298742065e-30
4.412141176470548750e+14 5.744474152637033454e-30
4.416967722473565000e+14 5.729078268975326945e-30
4.421794268476581250e+14 5.713682385313620436e-30
4.426620814479598125e+14 5.698286501651912525e-30
4.431447360482615000e+14 5.682890617990203914e-30
4.436273906485631250e+14 5.667494734328497405e-30
4.441100452488646875e+14 5.652098850666792998e-30
4.445926998491664375e+14 5.636702967005082285e-30
4.450753544494681250e+14 5.621307083343374375e-30
4.455580090497696875e+14 5.605911199681669267e-30
4.460406636500713125e+14 5.590515316019963459e-30
4.465233182503730000e+14 5.575119432358254848e-30
4.470059728506746250e+14 5.559723548696548339e-30
4.474886274509762500e+14 5.544327665034841830e-30
4.479712820512779375e+14 5.528931781373133219e-30
4.484539366515796250e+14 5.513535897711424608e-30
4.489365912518812500e+14 5.498140014049718099e-30
4.494192458521829375e+14 5.482744130388010188e-30
4.499019004524845625e+14 5.467348246726303679e-30
4.503845550527862500e+14 5.451952363064595068e-30
4.508672096530878750e+14 5.436556479402888559e-30
4.513498642533895625e+14 5.421160595741179948e-30
4.518325188536911875e+14 5.405764712079473439e-30
4.523151734539928750e+14 5.390368828417765529e-30
4.527978280542945000e+14 5.374972944756059020e-30
4.532804826545961875e+14 5.359577061094350409e-30
4.537631372548978125e+14 5.344181177432643900e-30
4.542457918551995000e+14 5.328785293770935289e-30
4.547284464555011250e+14 5.313389410109228780e-30
4.552111010558028125e+14 5.297993526447520870e-30
4.556937556561045625e+14 5.282597642785810157e-30
4.561764102564060625e+14 5.267201759124107852e-30
4.566590648567078750e+14 5.251805875462395037e-30
4.571417194570093750e+14 5.236409991800692731e-30
4.576243740573110000e+14 5.221014108138986222e-30
4.581070286576126875e+14 5.205618224477277611e-30
4.585896832579143750e+14 5.190222340815569701e-30
4.590723378582160000e+14 5.174826457153863192e-30
4.595549924585176250e+14 5.159430573492156683e-30
4.600376470588192500e+14 5.144034689830450174e-30
4.605203016591210000e+14 5.128638806168739461e-30
4.610029562594225625e+14 5.113242922507035054e-30
4.614856108597242500e+14 5.097847038845326443e-30
4.619682654600258750e+14 5.082451155183619934e-30
4.624509200603276250e+14 5.067055271521909922e-30
4.629335746606291875e+14 5.051659387860205515e-30
4.634162292609308750e+14 5.036263504198496904e-30
4.638988838612325000e+14 5.020867620536790395e-30
4.643815384615342500e+14 5.005471736875080382e-30
4.648641930618358125e+14 4.990075853213375275e-30
4.653468476621375000e+14 4.974679969551667364e-30
4.658295022624391250e+14 4.959284085889960855e-30
4.663121568627408750e+14 4.943888202228250142e-30
4.667948114630424375e+14 4.928492318566545735e-30
4.672774660633440625e+14 4.913096434904839226e-30
4.677601206636457500e+14 4.897700551243130615e-30
4.682427752639474375e+14 4.882304667581422705e-30
4.687254298642490625e+14 4.866908783919716196e-30
4.692080844645506875e+14 4.851512900258009687e-30
4.696907390648523750e+14 4.836117016596301076e-30
4.701733936651540000e+14 4.820721132934594567e-30
4.706560482654556875e+14 4.805325249272885956e-30
4.711387028657573750e+14 4.789929365611178045e-30
4.716213574660590000e+14 4.774533481949471536e-30
4.721040120663606875e+14 4.759137598287762925e-30
4.725866666666623125e+14 4.743741714626056416e-30
4.730693212669639375e+14 4.728345830964349907e-30
4.735519758672656250e+14 4.712949947302641296e-30
4.740346304675673125e+14 4.697554063640933386e-30
